#RPLIDAR SCAN DATA
#COUNT=496
#Angule	Distance	Quality
352.1558 1590.0 188
352.7490 1699.0 188
353.4521 1742.0 188
354.1718 1767.0 188
354.8859 1792.0 188
355.5890 1827.0 188
356.3086 1854.0 188
357.0282 1887.0 188
357.6050 1925.0 188
358.3246 1962.0 188
359.0442 2002.0 188
359.7473 2024.0 188
0.4669 2072.0 188
1.1865 2056.0 188
1.9061 2049.0 188
2.6093 2055.0 188
3.3234 2045.0 188
4.0430 2051.0 188
4.7461 2051.0 188
5.4657 2053.0 188
6.1853 2060.0 188
6.8884 2052.0 188
7.6080 2054.0 188
8.3276 2055.0 188
9.0308 2063.0 188
9.7449 2062.0 188
10.4645 2077.0 188
11.1676 2067.0 188
11.8872 2070.0 188
12.6068 2081.0 188
13.3264 2084.0 188
14.0295 2088.0 188
14.7491 2093.0 188
15.4688 2095.0 188
16.1829 2099.0 188
16.9025 2109.0 188
17.6221 2117.0 188
18.3417 2130.0 188
19.0613 2132.0 188
19.7644 2142.0 188
20.4840 2147.0 188
21.1981 2153.0 188
21.9177 2166.0 188
22.6373 2175.0 188
23.3569 2190.0 188
24.0765 2201.0 188
24.7961 2208.0 188
25.4993 2226.0 188
26.2134 2232.0 188
26.8121 2248.0 188
27.5262 2272.0 188
28.2458 2281.0 188
29.0918 2289.0 188
29.8114 2303.0 188
30.5310 2322.0 188
31.1078 2343.0 188
31.9482 2371.0 188
32.5415 2326.0 188
33.3875 2278.0 188
34.1071 2229.0 188
34.8267 2189.0 188
35.5463 2145.0 188
36.2604 2111.0 188
36.9635 2077.0 188
37.6831 2039.0 188
38.4027 2009.0 188
39.1223 1972.0 188
39.8419 1936.0 188
40.6824 1883.0 188
41.4020 1855.0 188
42.1216 1832.0 188
42.8412 1856.0 188
43.4344 1879.0 188
44.2639 1892.0 188
44.9835 1919.0 188
45.5768 1941.0 188
46.2964 1965.0 188
47.0105 1959.0 188
47.7301 1942.0 188
48.5760 1915.0 188
49.2957 1899.0 188
50.0153 1872.0 188
50.6085 1857.0 188
51.4490 1833.0 188
52.1521 1818.0 188
52.8717 1794.0 188
53.5913 1782.0 188
54.3109 1760.0 188
55.0305 1747.0 188
55.7446 1731.0 188
56.4642 1697.0 188
57.3102 1699.0 188
57.9034 1683.0 188
58.7494 1668.0 188
59.3427 1659.0 188
60.1666 1641.0 188
60.8862 1632.0 188
61.6058 1623.0 188
62.3254 1607.0 188
63.0450 1601.0 188
63.7646 1588.0 188
64.4843 1576.0 188
65.1984 1569.0 188
65.9180 1559.0 188
66.6376 1548.0 188
67.3407 1542.0 188
68.0603 1533.0 188
68.7799 1526.0 188
69.4995 1517.0 188
70.2136 1509.0 188
70.9332 1503.0 188
71.6528 1498.0 188
72.3724 1488.0 188
73.0920 1482.0 188
73.8116 1478.0 188
74.6521 1474.0 188
75.2344 1471.0 188
75.9485 1462.0 188
76.6681 1456.0 188
77.3877 1453.0 188
78.2336 1450.0 188
78.8269 1443.0 188
79.6674 1440.0 188
80.2606 1438.0 188
81.1066 1433.0 188
81.6998 1434.0 188
82.4194 1428.0 188
83.2489 1426.0 188
83.8422 1421.0 188
84.6826 1419.0 188
85.2759 1422.0 188
86.1218 1418.0 188
86.8414 1419.0 188
87.5610 1415.0 188
88.1543 1413.0 188
88.9948 1413.0 188
89.7144 1413.0 188
90.4340 1412.0 188
91.1536 1413.0 188
91.8732 1412.0 188
92.5928 1410.0 188
93.3124 1408.0 188
94.0265 1413.0 188
94.7296 1409.0 188
95.4492 1411.0 188
96.0425 1413.0 188
96.8884 1416.0 188
97.4817 1420.0 188
98.3276 1420.0 188
99.0417 1421.0 188
99.7614 1429.0 188
101.0742 1433.0 188
103.4802 1225.0 188
104.1998 1231.0 188
104.9194 1232.0 188
105.5127 1235.0 188
106.3422 1240.0 188
107.6550 1250.0 188
109.3414 1150.0 188
110.0610 1105.0 188
110.9015 1065.0 188
111.6211 1024.0 188
112.3242 986.0 188
113.1702 953.0 188
113.8898 919.0 188
114.6094 894.0 188
115.4498 866.0 188
116.2958 840.0 188
117.0154 814.0 188
117.6086 795.0 188
118.4326 773.0 188
119.4049 754.0 188
119.9982 737.0 188
120.7178 719.0 188
121.5582 702.0 188
122.2778 685.0 188
123.2446 671.0 188
123.8434 657.0 188
124.6674 643.0 188
125.2606 630.0 188
126.1066 619.0 188
126.8262 607.0 188
127.6666 596.0 188
128.5126 586.0 188
129.1058 576.0 188
129.9518 565.0 188
130.5286 557.0 188
131.6217 548.0 188
132.2150 538.0 188
132.8082 531.0 188
133.6542 523.0 188
134.4946 516.0 188
135.1978 507.0 188
135.9174 501.0 188
136.8896 496.0 188
137.3566 488.0 188
138.3234 483.0 188
139.1693 476.0 188
139.6198 471.0 188
140.3394 466.0 188
141.3116 461.0 188
142.1521 455.0 188
142.7454 451.0 188
143.5913 445.0 188
144.3109 442.0 188
145.0140 437.0 188
145.8545 434.0 188
146.7004 430.0 188
147.4200 426.0 188
148.1396 421.0 188
148.8593 418.0 188
149.5624 415.0 188
150.4028 410.0 188
150.9961 408.0 188
151.9684 406.0 188
152.6825 402.0 188
153.5284 398.0 188
153.8745 397.0 188
154.5776 393.0 188
155.2917 392.0 188
156.2640 389.0 188
156.8573 386.0 188
157.8241 384.0 188
158.2965 382.0 188
159.2633 380.0 188
159.8566 378.0 188
160.7025 376.0 188
161.4166 375.0 188
162.1198 372.0 188
162.8394 371.0 188
163.8116 370.0 188
164.4049 368.0 188
164.8718 366.0 188
165.7178 365.0 188
166.6846 364.0 188
167.1515 362.0 188
167.8711 362.0 188
168.7170 361.0 188
169.4366 360.0 188
170.0134 359.0 188
170.9802 358.0 188
171.9525 357.0 188
172.4194 356.0 188
173.3862 355.0 188
173.7323 355.0 188
174.4519 354.0 188
175.2924 354.0 188
176.1383 353.0 188
176.9843 352.0 188
177.6984 352.0 188
178.0280 352.0 188
179.2474 351.0 188
179.8407 352.0 188
180.2966 351.0 188
181.0107 351.0 188
181.9830 352.0 188
182.7026 351.0 188
183.2794 351.0 188
183.9990 351.0 188
184.5923 351.0 188
185.1691 353.0 188
186.1359 352.0 188
186.9818 353.0 188
187.3279 353.0 188
188.0310 353.0 188
188.7451 355.0 188
189.8438 355.0 188
190.4205 356.0 188
191.2610 356.0 188
191.4807 358.0 188
192.7002 359.0 188
192.9034 360.0 188
194.1229 360.0 188
194.4635 362.0 188
195.1666 362.0 188
196.0126 364.0 188
196.6058 366.0 188
197.4518 366.0 188
197.7759 368.0 188
198.6218 369.0 188
199.5886 370.0 188
200.1874 372.0 188
201.0114 373.0 188
201.4838 375.0 188
201.9507 377.0 188
202.7966 379.0 188
203.6371 381.0 188
204.0930 383.0 188
205.0598 385.0 188
205.4059 387.0 188
206.3727 388.0 188
206.9659 392.0 188
207.6691 393.0 188
208.5150 396.0 188
209.1083 399.0 188
209.8279 401.0 188
210.5420 404.0 188
211.1353 407.0 188
211.8384 409.0 188
212.5580 412.0 188
213.2776 416.0 188
213.8708 420.0 188
214.5905 422.0 188
215.5463 425.0 188
216.0132 430.0 188
216.6064 434.0 188
217.4524 437.0 188
218.1665 441.0 188
218.6224 445.0 188
219.3420 450.0 188
220.1825 450.0 188
221.8744 437.0 188
222.5885 429.0 188
223.0444 422.0 188
223.8904 415.0 188
224.7308 407.0 188
225.3241 402.0 188
226.4172 396.0 188
227.1204 391.0 188
227.7136 385.0 188
228.4332 381.0 188
229.6527 375.0 188
230.3723 371.0 188
231.2018 366.0 188
231.4215 362.0 188
232.3883 358.0 188
233.2343 355.0 188
233.8275 351.0 188
235.0415 347.0 188
235.2448 344.0 188
236.5906 340.0 188
237.1838 337.0 188
237.6562 334.0 188
238.6230 330.0 188
239.3262 328.0 188
240.1666 325.0 188
240.5127 322.0 188
241.9794 319.0 188
242.5781 317.0 188
242.9022 315.0 188
243.4955 312.0 188
244.9677 310.0 188
245.6873 308.0 188
246.0278 306.0 188
247.1210 303.0 188
247.4506 302.0 188
248.1702 300.0 188
249.6368 298.0 188
249.8566 297.0 188
250.9497 295.0 188
251.7957 293.0 188
252.5153 293.0 188
252.8558 291.0 188
253.1854 290.0 188
254.1522 289.0 188
255.1245 288.0 188
256.0913 286.0 188
256.1847 286.0 188
256.9043 285.0 188
258.6237 283.0 188
258.9642 283.0 188
259.4202 282.0 188
260.2606 281.0 188
260.6067 280.0 188
261.6998 280.0 188
262.5458 279.0 188
263.3862 278.0 188
264.4794 278.0 188
264.4519 278.0 188
264.9023 278.0 188
265.6219 277.0 188
266.4679 277.0 188
268.1873 277.0 188
268.2806 277.0 188
269.3738 277.0 188
269.2145 277.0 188
270.4340 276.0 188
271.3898 277.0 188
271.4832 277.0 188
273.0762 277.0 188
273.0432 277.0 188
273.7628 278.0 188
274.1089 278.0 188
275.7019 278.0 188
276.1688 279.0 188
276.6248 280.0 188
277.5916 280.0 188
278.3112 280.0 188
278.5309 281.0 188
279.6240 288.0 188
283.4363 234.0 188
280.6512 340.0 188
281.6071 321.0 188
282.9529 307.0 188
284.2932 286.0 188
284.3866 294.0 188
285.2325 292.0 188
286.3257 293.0 188
286.5454 294.0 188
286.8860 295.0 188
288.3417 296.0 188
288.5614 297.0 188
289.1547 298.0 188
289.7479 300.0 188
290.8411 301.0 188
291.1871 301.0 188
291.6541 304.0 188
292.8735 305.0 188
293.4668 307.0 188
293.6865 308.0 188
294.7797 310.0 188
295.4993 311.0 188
296.2134 313.0 188
296.5594 316.0 188
297.4054 317.0 188
298.1250 319.0 188
298.8391 322.0 188
299.4324 324.0 188
300.6519 325.0 188
300.7452 328.0 188
301.5912 331.0 188
302.3108 333.0 188
303.1512 335.0 188
303.6237 338.0 188
304.2169 341.0 188
305.3101 343.0 188
305.5298 346.0 188
306.1230 349.0 188
307.0898 352.0 188
308.0621 355.0 188
308.4027 358.0 188
309.3750 361.0 188
309.7156 365.0 188
310.6824 368.0 188
311.4020 371.0 188
311.7480 375.0 188
312.3413 379.0 188
313.4344 383.0 188
314.1541 387.0 188
314.3903 392.0 188
315.0934 396.0 188
316.0602 400.0 188
316.5271 406.0 188
317.1204 411.0 188
317.9663 415.0 188
318.4332 421.0 188
319.2627 426.0 188
319.8560 432.0 188
320.5756 437.0 188
321.4215 444.0 188
321.7621 450.0 188
322.8552 456.0 188
323.1848 463.0 188
323.7781 470.0 188
324.7449 478.0 188
325.4645 485.0 188
325.9369 493.0 188
326.6510 501.0 188
327.3706 510.0 188
327.8265 518.0 188
328.5461 527.0 188
329.3866 538.0 188
329.9799 547.0 188
330.5731 558.0 188
331.2927 569.0 188
331.9958 580.0 188
332.5891 590.0 188
333.3087 603.0 188
334.0283 614.0 188
334.6216 629.0 188
335.3412 642.0 188
335.9344 656.0 188
336.7639 671.0 188
337.2308 688.0 188
337.9340 706.0 188
338.6536 723.0 188
339.2468 741.0 188
339.8236 761.0 188
340.5432 781.0 188
341.2628 804.0 188
341.8396 829.0 188
342.5592 854.0 188
343.2788 883.0 188
343.9819 913.0 188
344.5752 945.0 188
345.1685 981.0 188
345.8716 1016.0 188
346.4648 1056.0 188
347.1844 1103.0 188
347.8876 1152.0 188
348.4808 1203.0 188
349.2004 1263.0 188
349.7772 1322.0 188
350.4968 1384.0 188
351.0901 1454.0 188
351.7932 1535.0 188
