x y z
-2.116083 -1.013663 0.000000
-2.109129 -1.016588 0.000000
-2.099165 -1.019626 0.000000
-2.092750 -1.023480 0.000000
-2.056004 -0.909762 0.000000
-2.052479 -0.911004 0.000000
-2.048788 -0.912640 0.000000
-1.835738 -2.610814 0.000000
-1.596922 -2.161222 0.000000
-1.905016 -1.184418 0.000000
-1.895750 -1.172751 0.000000
-1.890745 -1.154365 0.000000
-1.889996 -1.137207 0.000000
-1.872045 -1.145482 0.000000
-1.872980 -1.126189 0.000000
-1.864295 -1.116002 0.000000
-1.855833 -1.115355 0.000000
-1.843392 -1.113028 0.000000
-1.831088 -1.116886 0.000000
-1.806766 -1.135300 0.000000
-1.818309 -1.097405 0.000000
-1.825745 -1.069457 0.000000
-1.818361 -1.066654 0.000000
-1.806121 -1.062531 0.000000
-1.819476 -1.031170 0.000000
-1.820039 -1.020967 0.000000
-1.810441 -1.018331 0.000000
-1.796679 -1.020131 0.000000
-1.782120 -1.019539 0.000000
-1.729361 -1.027559 0.000000
-1.723484 -1.016045 0.000000
-1.717108 -1.007684 0.000000
-1.711265 -0.999221 0.000000
-1.708206 -0.990588 0.000000
-1.644896 -0.987925 0.000000
-1.632173 -0.982025 0.000000
-1.647795 -0.959781 0.000000
-1.633932 -0.953593 0.000000
-1.629417 -0.943854 0.000000
-1.617423 -0.936219 0.000000
-1.580142 -0.937320 0.000000
-1.581241 -0.922885 0.000000
-1.573995 -0.912655 0.000000
-1.549772 -0.906606 0.000000
-1.553766 -0.890287 0.000000
-1.533065 -0.882399 0.000000
-1.535185 -0.868520 0.000000
-1.549288 -0.851291 0.000000
-1.570721 -0.835020 0.000000
-1.587918 -0.820577 0.000000
-1.577528 -0.808114 0.000000
-1.573978 -0.795477 0.000000
-1.583761 -0.784217 0.000000
-1.594320 -0.771709 0.000000
-1.607753 -0.758462 0.000000
-1.607402 -0.747343 0.000000
-1.609455 -0.734864 0.000000
-1.602986 -0.724881 0.000000
-1.595044 -0.712266 0.000000
-1.580223 -0.698450 0.000000
-1.950275 -0.737967 0.000000
3.456690 0.458670 0.000000
-1.935453 -0.669348 0.000000
-1.937131 -0.664947 0.000000
-0.674855 0.664503 0.000000
-0.761037 0.646166 0.000000
-0.823574 0.648545 0.000000
-0.873791 0.663447 0.000000
-0.906574 0.697093 0.000000
-0.936201 0.736308 0.000000
-1.000452 0.726304 0.000000
-1.057313 0.726789 0.000000
-1.094497 0.753289 0.000000
-2.016564 -0.649970 0.000000
-2.021141 -0.651830 0.000000
-2.025144 -0.652667 0.000000
-2.029073 -0.653622 0.000000
-2.037053 -0.652903 0.000000
-2.040804 -0.653689 0.000000
-2.110443 -0.653686 0.000000
-2.431119 0.028320 0.000000
-2.441780 -0.003228 0.000000
-2.478096 0.024670 0.000000
-2.518352 0.002577 0.000000
-2.542496 0.000344 0.000000
-2.574309 0.010684 0.000000
-2.631080 0.058784 0.000000
-2.723210 0.152119 0.000000
-3.147383 0.490749 0.000000
-3.123442 0.399680 0.000000
-3.105740 0.322773 0.000000
-3.088623 0.249095 0.000000
-3.070222 0.180962 0.000000
-3.057234 0.118466 0.000000
-3.043717 0.063380 0.000000
-3.026229 0.007085 0.000000
-3.016013 -0.042426 0.000000
-3.002711 -0.090114 0.000000
-2.992820 -0.134472 0.000000
-2.984089 -0.174854 0.000000
-2.972655 -0.213771 0.000000
-2.963030 -0.251185 0.000000
-2.952446 -0.287842 0.000000
-2.945566 -0.321261 0.000000
-2.936280 -0.351968 0.000000
-2.929173 -0.382776 0.000000
-2.920873 -0.414377 0.000000
-2.911973 -0.442380 0.000000
-2.905902 -0.468858 0.000000
-2.896520 -0.495185 0.000000
-2.410618 -0.691933 0.000000
-2.900012 -0.627572 0.000000
-2.903124 -0.648652 0.000000
-2.887170 -0.672704 0.000000
-2.880437 -0.694345 0.000000
-2.878884 -0.715331 0.000000
-2.858031 -0.736566 0.000000
-2.843168 -0.757785 0.000000
-2.825333 -0.795822 0.000000
-2.821005 -0.813481 0.000000
-2.816665 -0.832396 0.000000
-2.811980 -0.852342 0.000000
-2.807677 -0.868733 0.000000
-2.801151 -0.887332 0.000000
-2.798439 -0.904360 0.000000
-2.558750 -0.885264 0.000000
-2.538502 -0.893021 0.000000
-2.537287 -0.905797 0.000000
-2.358216 -0.876276 0.000000
-2.355885 -0.882921 0.000000
-2.349295 -0.887646 0.000000
-2.340503 -0.895874 0.000000
-2.335321 -0.898319 0.000000
-2.329032 -0.902937 0.000000
-2.321367 -0.907679 0.000000
-2.313678 -0.914599 0.000000
-2.304758 -0.919982 0.000000
-2.298186 -0.921585 0.000000
-2.289528 -0.925265 0.000000
-2.272643 -0.919823 0.000000
-2.268798 -0.924727 0.000000
-2.257867 -0.934556 0.000000
-2.258008 -0.942448 0.000000
-2.249461 -0.947344 0.000000
-2.245087 -0.949344 0.000000
-2.238907 -0.958123 0.000000
-2.238869 -0.955764 0.000000
-2.227848 -0.963885 0.000000
-2.227727 -0.963334 0.000000
-2.218774 -0.969559 0.000000
-2.211997 -0.972719 0.000000
-2.206843 -0.975714 0.000000
-2.201761 -0.978781 0.000000
-2.203930 -0.978563 0.000000
-2.193732 -0.984314 0.000000
-2.192896 -0.984803 0.000000
-2.185107 -0.988579 0.000000
-2.181566 -0.988745 0.000000
-2.175278 -0.991324 0.000000
-2.164584 -0.995056 0.000000
-2.158510 -0.996987 0.000000
-2.157355 -0.997168 0.000000
-2.147512 -1.000709 0.000000
-2.141958 -1.002490 0.000000
-2.140987 -1.002786 0.000000
-2.133186 -1.005771 0.000000
-2.132141 -1.006302 0.000000
-2.124431 -1.009178 0.000000
-2.118485 -1.011433 0.000000
