x y z
-219.413054 9.312927 0.000000
-219.451474 9.300804 0.000000
-219.492855 9.279953 0.000000
-219.531893 9.263085 0.000000
-219.570256 9.243946 0.000000
-219.605603 9.228437 0.000000
-219.639389 9.213398 0.000000
-219.802525 8.806831 0.000000
-219.824954 8.791214 0.000000
-219.845062 8.778653 0.000000
-219.864253 8.775389 0.000000
-219.883921 8.764219 0.000000
-219.905093 8.752169 0.000000
-219.923592 8.744822 0.000000
-219.941748 8.737063 0.000000
-219.957812 8.574364 0.000000
-219.971663 8.567155 0.000000
-219.987529 8.558450 0.000000
-220.001081 8.549316 0.000000
-220.014731 8.548659 0.000000
-219.984172 8.133648 0.000000
-220.075198 8.663090 0.000000
-220.091292 8.665145 0.000000
-220.105699 8.656489 0.000000
-220.136923 8.638190 0.000000
-220.151911 8.630813 0.000000
-220.166723 8.623895 0.000000
-220.181434 8.619290 0.000000
-220.196828 8.611931 0.000000
-220.210706 8.603148 0.000000
-220.224869 8.593848 0.000000
-220.241558 8.587910 0.000000
-220.256106 8.580606 0.000000
-220.271066 8.573239 0.000000
-220.285341 8.569529 0.000000
-221.247203 9.983064 0.000000
-221.300613 9.963565 0.000000
-221.350694 9.940610 0.000000
-221.395282 9.910597 0.000000
-221.450316 9.890620 0.000000
-221.497791 9.860033 0.000000
-221.553894 9.843411 0.000000
-221.604125 9.813433 0.000000
-221.653672 9.785028 0.000000
-221.703322 9.756910 0.000000
-221.759014 9.730931 0.000000
-221.816673 9.706446 0.000000
-221.872391 9.677737 0.000000
-221.931086 9.651217 0.000000
-221.978986 9.616109 0.000000
-222.037884 9.588859 0.000000
-222.108430 9.566921 0.000000
-222.159336 9.528500 0.000000
-222.228167 9.501329 0.000000
-222.293531 9.469683 0.000000
-222.346538 9.430216 0.000000
-222.427924 9.404487 0.000000
-222.487717 9.362796 0.000000
-222.559649 9.328691 0.000000
-222.638506 9.293912 0.000000
-222.715922 9.257598 0.000000
-222.799772 9.218768 0.000000
-223.093273 9.270706 0.000000
-223.266352 9.258053 0.000000
-223.267470 9.171777 0.000000
-223.411560 9.137584 0.000000
-223.668662 8.954177 0.000000
-223.726060 8.879244 0.000000
-223.864607 8.822132 0.000000
-224.319150 8.826467 0.000000
-224.280071 8.717620 0.000000
-224.255198 8.614853 0.000000
-224.378207 8.532793 0.000000
-224.312732 8.423211 0.000000
-224.232165 8.315787 0.000000
-224.170648 8.214882 0.000000
-224.148512 8.118802 0.000000
-224.113714 8.023619 0.000000
-224.039287 7.931195 0.000000
-223.984276 7.838328 0.000000
-223.963805 7.749629 0.000000
-223.881784 7.665762 0.000000
-223.844189 7.579179 0.000000
-223.827193 7.492714 0.000000
-223.789602 7.410421 0.000000
-223.763709 7.326398 0.000000
-223.694229 7.249740 0.000000
-223.636458 7.174276 0.000000
-223.606226 7.094463 0.000000
-223.576236 7.017245 0.000000
-223.518506 6.944928 0.000000
-223.479988 6.868595 0.000000
-223.444927 6.792918 0.000000
-223.413313 6.717581 0.000000
-223.374116 6.644244 0.000000
-223.342209 6.568532 0.000000
-223.283028 6.505569 0.000000
-223.277979 6.417437 0.000000
-223.212232 6.357908 0.000000
-223.175841 6.286297 0.000000
-223.154526 6.202112 0.000000
-223.119246 6.128157 0.000000
-223.397722 5.869809 0.000000
-221.922231 6.674125 0.000000
-221.613588 6.811470 0.000000
-221.574541 6.783002 0.000000
-221.557387 6.740073 0.000000
-221.536426 6.700801 0.000000
-221.518860 6.657697 0.000000
-221.492608 6.618210 0.000000
-221.467402 6.581185 0.000000
-221.444607 6.539344 0.000000
-221.423043 6.495595 0.000000
-221.403163 6.453234 0.000000
-221.379838 6.408523 0.000000
-221.361146 6.361047 0.000000
-221.338213 6.315164 0.000000
-221.315563 6.266654 0.000000
-221.286293 6.226724 0.000000
-221.265881 6.179146 0.000000
-221.240295 6.128631 0.000000
-221.210612 6.085182 0.000000
-221.191572 6.026385 0.000000
-221.158445 5.984443 0.000000
-221.138741 5.918607 0.000000
-221.116624 5.848919 0.000000
-221.112834 5.746174 0.000000
-221.704547 4.098501 0.000000
-221.642298 4.008043 0.000000
-221.580173 3.907402 0.000000
-221.610579 3.564163 0.000000
-221.472953 3.634365 0.000000
-221.373591 3.617663 0.000000
-221.147199 3.989976 0.000000
-221.039963 4.030168 0.000000
-220.947344 4.030605 0.000000
-220.858254 4.015938 0.000000
-220.765241 4.015789 0.000000
-220.682099 3.974071 0.000000
-220.596498 3.946885 0.000000
-220.508169 3.934670 0.000000
-220.386050 4.174692 0.000000
-220.299967 4.175585 0.000000
-220.228590 4.029109 0.000000
-220.266105 1.966205 0.000000
-220.128538 2.036135 0.000000
-219.997472 2.110233 0.000000
-219.865669 2.237758 0.000000
-219.739569 2.228375 0.000000
-219.618369 2.344685 0.000000
-219.498505 2.396348 0.000000
-219.377176 2.444892 0.000000
-219.262990 2.525664 0.000000
-219.151377 2.593464 0.000000
-219.039432 2.663280 0.000000
-218.935114 2.722502 0.000000
-218.825564 2.776899 0.000000
-218.710462 2.808373 0.000000
-218.601591 2.851603 0.000000
-218.501806 2.929496 0.000000
-218.394694 2.971863 0.000000
-218.282651 3.002742 0.000000
-218.202082 3.117777 0.000000
-218.075352 3.106808 0.000000
-219.598613 7.172171 0.000000
-219.646979 7.330674 0.000000
-219.658236 7.390620 0.000000
-219.650362 7.406888 0.000000
-219.645113 7.426392 0.000000
-219.637424 7.439018 0.000000
-219.630545 7.451190 0.000000
-219.621705 7.459886 0.000000
-219.610885 7.466625 0.000000
-219.599562 7.475327 0.000000
-219.587004 7.480387 0.000000
-219.572936 7.479350 0.000000
-219.553251 7.477380 0.000000
-219.528367 7.464446 0.000000
-217.689908 5.731197 0.000000
-218.779810 6.866394 0.000000
-218.803520 6.934558 0.000000
-218.745233 6.929454 0.000000
-218.893081 7.098037 0.000000
-218.916852 7.154930 0.000000
-218.891934 7.170369 0.000000
-218.870936 7.192121 0.000000
-218.844904 7.208685 0.000000
-218.816576 7.224874 0.000000
-217.992106 6.858191 0.000000
-218.023539 6.931212 0.000000
-218.061234 7.005483 0.000000
-218.097939 7.073450 0.000000
-218.130781 7.137900 0.000000
-218.157286 7.197561 0.000000
-218.191571 7.257357 0.000000
-218.218386 7.311362 0.000000
-218.245078 7.364808 0.000000
-218.269089 7.413387 0.000000
-218.291618 7.461280 0.000000
-218.320047 7.509063 0.000000
-218.585923 7.613749 0.000000
-219.072312 8.009526 0.000000
-219.195894 8.017844 0.000000
-219.134872 8.040921 0.000000
-219.131266 8.058857 0.000000
-219.103396 8.081074 0.000000
-219.096084 8.102305 0.000000
-218.676236 8.204786 0.000000
-218.693898 8.231157 0.000000
-218.704499 8.257467 0.000000
-218.714845 8.285134 0.000000
-218.731352 8.309295 0.000000
-218.746753 8.335245 0.000000
-218.757073 8.360580 0.000000
-218.773660 8.384506 0.000000
-218.785453 8.410851 0.000000
-218.797701 8.434732 0.000000
-218.807246 8.462071 0.000000
-218.819592 8.486263 0.000000
-218.832459 8.510170 0.000000
-218.846333 8.534670 0.000000
-218.857736 8.560613 0.000000
-218.867666 8.587244 0.000000
-218.879789 8.611522 0.000000
-218.894035 8.637001 0.000000
-218.906065 8.662523 0.000000
-218.920119 8.686809 0.000000
-218.931153 8.712326 0.000000
-218.944971 8.739554 0.000000
-219.015869 8.716297 0.000000
-219.019723 8.748710 0.000000
-219.032721 8.773213 0.000000
-219.043559 8.802182 0.000000
-219.014416 8.870536 0.000000
-219.029659 8.897837 0.000000
-219.041635 8.928363 0.000000
-219.056396 8.955496 0.000000
-219.075592 8.980289 0.000000
-219.208629 8.861868 0.000000
-219.234798 8.871968 0.000000
-219.257106 8.888065 0.000000
-219.283644 8.893881 0.000000
-219.300669 8.913733 0.000000
-219.322536 8.931810 0.000000
-219.338897 8.954016 0.000000
-219.359914 8.968751 0.000000
-219.377355 8.993411 0.000000
-219.397170 9.014667 0.000000
-219.413197 9.041209 0.000000
