x y z
-243.010868 -10.428327 0.000000
-243.085680 -10.482248 0.000000
-243.119190 -10.502040 0.000000
-243.152557 -10.523547 0.000000
-243.184742 -10.540097 0.000000
-243.288885 -10.961859 0.000000
-243.309194 -10.986483 0.000000
-243.327787 -11.002775 0.000000
-243.347858 -10.991789 0.000000
-243.365312 -11.020656 0.000000
-243.382898 -11.034669 0.000000
-243.398979 -11.047412 0.000000
-243.416970 -11.057797 0.000000
-243.410397 -11.220709 0.000000
-243.424195 -11.227991 0.000000
-243.436031 -11.238257 0.000000
-243.448930 -11.246525 0.000000
-243.462974 -11.254943 0.000000
-243.372648 -11.664677 0.000000
-243.536843 -11.150256 0.000000
-243.554188 -11.150333 0.000000
-243.568741 -11.160438 0.000000
-243.596355 -11.182659 0.000000
-243.611483 -11.187442 0.000000
-243.625607 -11.199368 0.000000
-243.638283 -11.208469 0.000000
-243.652677 -11.217186 0.000000
-243.666388 -11.227399 0.000000
-243.676944 -11.238764 0.000000
-243.690259 -11.248117 0.000000
-243.705087 -11.255915 0.000000
-243.719081 -11.266047 0.000000
-243.735055 -11.272234 0.000000
-244.881268 -10.009541 0.000000
-244.934385 -10.029918 0.000000
-244.978713 -10.064882 0.000000
-245.029623 -10.090590 0.000000
-245.071387 -10.124382 0.000000
-245.109681 -10.164565 0.000000
-245.164880 -10.190637 0.000000
-245.212646 -10.222648 0.000000
-245.256416 -10.258801 0.000000
-245.300113 -10.295634 0.000000
-245.349371 -10.329856 0.000000
-245.407681 -10.363039 0.000000
-245.453842 -10.400873 0.000000
-245.499322 -10.440894 0.000000
-245.554852 -10.473955 0.000000
-245.612593 -10.509788 0.000000
-245.660386 -10.551070 0.000000
-245.717792 -10.589255 0.000000
-245.776902 -10.626567 0.000000
-245.845101 -10.663918 0.000000
-245.890355 -10.712799 0.000000
-245.970347 -10.746633 0.000000
-246.022406 -10.795055 0.000000
-246.093204 -10.839842 0.000000
-246.160422 -10.885673 0.000000
-246.212655 -10.939333 0.000000
-246.308316 -10.982832 0.000000
-246.604234 -10.973886 0.000000
-246.794673 -11.005457 0.000000
-246.771325 -11.093069 0.000000
-246.867668 -11.152252 0.000000
-246.947625 -11.219989 0.000000
-247.123070 -11.363566 0.000000
-247.177394 -11.444618 0.000000
-247.207474 -11.528661 0.000000
-247.205599 -11.616761 0.000000
-247.742644 -11.678682 0.000000
-247.701272 -11.778987 0.000000
-247.783910 -11.877945 0.000000
-247.707376 -11.975109 0.000000
-247.615984 -12.069458 0.000000
-247.543819 -12.161300 0.000000
-247.498755 -12.253912 0.000000
-247.413968 -12.337939 0.000000
-247.362812 -12.424456 0.000000
-247.324987 -12.512513 0.000000
-247.252785 -12.591992 0.000000
-247.208438 -12.674710 0.000000
-247.133651 -12.751345 0.000000
-247.079273 -12.828407 0.000000
-247.027041 -12.903416 0.000000
-246.978006 -12.980207 0.000000
-246.937335 -13.056384 0.000000
-246.866713 -13.122366 0.000000
-246.810176 -13.191563 0.000000
-246.773660 -13.267510 0.000000
-246.727879 -13.338088 0.000000
-246.693900 -13.414506 0.000000
-246.617748 -13.471619 0.000000
-246.567913 -13.538915 0.000000
-246.530581 -13.612302 0.000000
-246.455142 -13.664017 0.000000
-246.443164 -13.750668 0.000000
-246.393368 -13.817588 0.000000
-246.338755 -13.879766 0.000000
-246.300305 -13.951389 0.000000
-246.257314 -14.017734 0.000000
-246.207262 -14.082702 0.000000
-246.377813 -14.319997 0.000000
-246.413210 -14.463174 0.000000
-244.801284 -13.191537 0.000000
-244.762442 -13.216930 0.000000
-244.733998 -13.251692 0.000000
-244.712150 -13.292590 0.000000
-244.681866 -13.324644 0.000000
-244.659018 -13.367557 0.000000
-244.634241 -13.406814 0.000000
-244.599679 -13.436045 0.000000
-244.575487 -13.478430 0.000000
-244.550506 -13.521109 0.000000
-244.520141 -13.558734 0.000000
-244.493724 -13.602093 0.000000
-244.459258 -13.636963 0.000000
-244.436162 -13.687629 0.000000
-244.402210 -13.723809 0.000000
-244.370625 -13.771517 0.000000
-244.340087 -13.814777 0.000000
-244.301351 -13.848169 0.000000
-244.275125 -13.908994 0.000000
-244.238198 -13.949311 0.000000
-244.207298 -14.004615 0.000000
-244.175683 -14.067932 0.000000
-244.150961 -14.150107 0.000000
-244.511284 -15.859766 0.000000
-244.440881 -15.955325 0.000000
-244.363231 -16.031005 0.000000
-244.303699 -16.189688 0.000000
-244.228313 -16.314933 0.000000
-244.147362 -16.436464 0.000000
-244.029270 -16.359662 0.000000
-243.857319 -15.892934 0.000000
-243.767767 -15.892599 0.000000
-243.676002 -15.875704 0.000000
-243.584053 -15.855819 0.000000
-243.493912 -15.848328 0.000000
-243.407578 -15.918750 0.000000
-243.315372 -15.874787 0.000000
-243.228142 -15.720039 0.000000
-243.144337 -15.626387 0.000000
-243.055410 -15.714492 0.000000
-242.806634 -17.832528 0.000000
-242.682066 -17.734356 0.000000
-242.557334 -17.667623 0.000000
-242.450287 -17.497892 0.000000
-242.334083 -17.430336 0.000000
-242.217126 -17.369454 0.000000
-242.104557 -17.289215 0.000000
-241.990867 -17.230411 0.000000
-241.887790 -17.142823 0.000000
-241.798361 -17.012102 0.000000
-241.686687 -16.967122 0.000000
-241.586067 -16.886358 0.000000
-241.476250 -16.845064 0.000000
-241.379857 -16.769461 0.000000
-241.288073 -16.679412 0.000000
-241.201272 -16.586949 0.000000
-241.079883 -16.573378 0.000000
-240.981918 -16.511910 0.000000
-240.898274 -16.421200 0.000000
-240.820790 -16.323191 0.000000
-242.871241 -12.537376 0.000000
-242.892565 -12.468245 0.000000
-242.939903 -12.363241 0.000000
-242.942210 -12.337541 0.000000
-242.928705 -12.332736 0.000000
-242.932345 -12.303783 0.000000
-242.926783 -12.292385 0.000000
-242.920458 -12.281002 0.000000
-242.910558 -12.271059 0.000000
-242.902434 -12.261310 0.000000
-242.890970 -12.255601 0.000000
-242.875325 -12.253828 0.000000
-242.856709 -12.252870 0.000000
-242.839027 -12.251393 0.000000
-240.824824 -13.603468 0.000000
-241.994332 -12.718297 0.000000
-241.960459 -12.700491 0.000000
-242.116353 -12.559809 0.000000
-242.176306 -12.489352 0.000000
-242.165361 -12.462245 0.000000
-242.143859 -12.441054 0.000000
-242.121712 -12.421666 0.000000
-242.094820 -12.400753 0.000000
-241.189330 -12.666465 0.000000
-241.239547 -12.594220 0.000000
-241.297012 -12.521766 0.000000
-241.338472 -12.460322 0.000000
-241.378314 -12.400298 0.000000
-241.421172 -12.341536 0.000000
-241.460935 -12.287757 0.000000
-241.495821 -12.236319 0.000000
-241.534624 -12.186729 0.000000
-241.566834 -12.140391 0.000000
-241.595828 -12.096775 0.000000
-241.626530 -12.053602 0.000000
-241.902632 -11.985345 0.000000
-242.446044 -11.657678 0.000000
-242.569888 -11.666231 0.000000
-242.547734 -11.643990 0.000000
-242.510690 -11.615061 0.000000
-242.492711 -11.570926 0.000000
-242.093216 -11.412758 0.000000
-242.107061 -11.387081 0.000000
-242.122199 -11.363248 0.000000
-242.138657 -11.337960 0.000000
-242.154541 -11.314927 0.000000
-242.168833 -11.288618 0.000000
-242.188397 -11.268277 0.000000
-242.204180 -11.244636 0.000000
-242.220635 -11.223087 0.000000
-242.237165 -11.200151 0.000000
-242.252137 -11.177111 0.000000
-242.265079 -11.151030 0.000000
-242.282747 -11.129796 0.000000
-242.299865 -11.106981 0.000000
-242.316852 -11.085789 0.000000
-242.330001 -11.062323 0.000000
-242.344789 -11.038197 0.000000
-242.363790 -11.016676 0.000000
-242.380554 -10.993020 0.000000
-242.394815 -10.968560 0.000000
-242.412941 -10.948145 0.000000
-242.426342 -10.920977 0.000000
-242.442721 -10.898022 0.000000
-242.505639 -10.923241 0.000000
-242.520381 -10.897469 0.000000
-242.534969 -10.872916 0.000000
-242.515663 -10.799822 0.000000
-242.533430 -10.776561 0.000000
-242.552274 -10.749674 0.000000
-242.571301 -10.724098 0.000000
-242.587057 -10.695725 0.000000
-242.705040 -10.831285 0.000000
-242.733619 -10.828478 0.000000
-242.756006 -10.814066 0.000000
-242.784345 -10.811602 0.000000
-242.804560 -10.791803 0.000000
-242.827522 -10.782099 0.000000
-242.848667 -10.763719 0.000000
-242.872043 -10.749139 0.000000
-242.894326 -10.735602 0.000000
-242.913838 -10.709865 0.000000
-242.936479 -10.689272 0.000000
-242.905009 -10.252769 0.000000
