x y z
-256.656046 -25.007556 0.000000
-256.724205 -25.070588 0.000000
-256.755543 -25.092649 0.000000
-256.784281 -25.119863 0.000000
-256.815288 -25.143583 0.000000
-256.861620 -25.572082 0.000000
-256.878099 -25.592284 0.000000
-256.894703 -25.614207 0.000000
-256.913470 -25.624295 0.000000
-256.928804 -25.640011 0.000000
-256.946506 -25.653373 0.000000
-256.957919 -25.679020 0.000000
-256.973850 -25.683470 0.000000
-256.947628 -25.844603 0.000000
-256.960852 -25.854340 0.000000
-256.971865 -25.866325 0.000000
-256.982106 -25.875664 0.000000
-256.994095 -25.886039 0.000000
-257.008164 -25.888422 0.000000
-257.082969 -25.794536 0.000000
-257.098889 -25.795707 0.000000
-257.112442 -25.805897 0.000000
-257.125422 -25.819667 0.000000
-257.137210 -25.830279 0.000000
-257.150994 -25.838704 0.000000
-257.163418 -25.852376 0.000000
-257.174581 -25.862301 0.000000
-257.187693 -25.872183 0.000000
-257.200599 -25.884912 0.000000
-257.210158 -25.899668 0.000000
-257.223854 -25.909258 0.000000
-257.235316 -25.919365 0.000000
-257.248378 -25.930390 0.000000
-257.263293 -25.938184 0.000000
-258.569095 -24.840741 0.000000
-258.607416 -24.877930 0.000000
-258.653773 -24.910590 0.000000
-258.692683 -24.949904 0.000000
-258.739822 -24.983484 0.000000
-258.774809 -25.025811 0.000000
-258.823782 -25.059737 0.000000
-258.867615 -25.098115 0.000000
-258.904219 -25.140952 0.000000
-258.944847 -25.182702 0.000000
-258.991365 -25.222721 0.000000
-259.039530 -25.260584 0.000000
-259.083660 -25.304845 0.000000
-259.122722 -25.348533 0.000000
-259.160312 -25.396809 0.000000
-259.223622 -25.433585 0.000000
-259.280174 -25.475094 0.000000
-259.319893 -25.525291 0.000000
-259.374733 -25.572123 0.000000
-259.437121 -25.616733 0.000000
-259.472383 -25.671322 0.000000
-259.544229 -25.717042 0.000000
-259.593976 -25.770738 0.000000
-259.656374 -25.823278 0.000000
-259.720429 -25.878573 0.000000
-259.779847 -25.936187 0.000000
-259.847790 -25.994699 0.000000
-260.122048 -26.028546 0.000000
-260.338354 -26.081260 0.000000
-260.295432 -26.166793 0.000000
-260.383146 -26.240246 0.000000
-260.479259 -26.316032 0.000000
-260.603968 -26.483731 0.000000
-260.630745 -26.569685 0.000000
-260.672267 -26.658745 0.000000
-260.655874 -26.745634 0.000000
-261.177563 -26.878632 0.000000
-261.131699 -26.974633 0.000000
-261.171834 -27.079907 0.000000
-261.090688 -27.166661 0.000000
-261.002799 -27.251592 0.000000
-260.946355 -27.338640 0.000000
-260.872805 -27.421175 0.000000
-260.765087 -27.490120 0.000000
-260.700791 -27.569553 0.000000
-260.646301 -27.648903 0.000000
-260.583842 -27.724262 0.000000
-260.525870 -27.799517 0.000000
-260.432173 -27.857489 0.000000
-260.382165 -27.932284 0.000000
-260.305872 -27.994850 0.000000
-260.252921 -28.064728 0.000000
-260.157009 -28.115138 0.000000
-260.109391 -28.184774 0.000000
-260.048885 -28.248066 0.000000
-260.002653 -28.318322 0.000000
-259.957407 -28.390084 0.000000
-259.882718 -28.440730 0.000000
-259.824800 -28.503004 0.000000
-259.771378 -28.566426 0.000000
-259.699300 -28.615800 0.000000
-259.655732 -28.684100 0.000000
-259.604145 -28.746369 0.000000
-259.552435 -28.811062 0.000000
-259.483846 -28.858416 0.000000
-259.447040 -28.935037 0.000000
-259.390335 -28.995483 0.000000
-259.336336 -29.057290 0.000000
-259.491219 -29.337102 0.000000
-258.442742 -28.330126 0.000000
-258.064884 -27.988488 0.000000
-258.022223 -28.006775 0.000000
-257.987509 -28.035997 0.000000
-257.953464 -28.065312 0.000000
-257.926611 -28.103003 0.000000
-257.897696 -28.142774 0.000000
-257.865083 -28.174150 0.000000
-257.826794 -28.200263 0.000000
-257.798508 -28.241319 0.000000
-257.765623 -28.277226 0.000000
-257.732700 -28.310860 0.000000
-257.699418 -28.352837 0.000000
-257.667017 -28.390947 0.000000
-257.632722 -28.431307 0.000000
-257.592351 -28.461416 0.000000
-257.558264 -28.500758 0.000000
-257.521962 -28.542288 0.000000
-257.481765 -28.574259 0.000000
-257.446856 -28.627062 0.000000
-257.403466 -28.657536 0.000000
-257.363416 -28.705392 0.000000
-257.327092 -28.772027 0.000000
-257.290454 -28.851440 0.000000
-257.419234 -30.604420 0.000000
-257.333456 -30.669148 0.000000
-257.248984 -30.744975 0.000000
-257.169958 -30.921497 0.000000
-257.074853 -30.995889 0.000000
-256.979827 -31.107115 0.000000
-256.871784 -31.007703 0.000000
-256.765577 -30.535343 0.000000
-256.677318 -30.498006 0.000000
-256.587457 -30.485168 0.000000
-256.499996 -30.423109 0.000000
-256.409375 -30.453775 0.000000
-256.315494 -30.499007 0.000000
-256.230571 -30.447661 0.000000
-256.164036 -30.280715 0.000000
-256.095315 -30.178481 0.000000
-255.995083 -30.249753 0.000000
-255.467030 -32.296394 0.000000
-255.352471 -32.195214 0.000000
-255.246897 -32.085208 0.000000
-255.155375 -31.933810 0.000000
-255.052972 -31.839826 0.000000
-254.936480 -31.785878 0.000000
-254.846931 -31.664430 0.000000
-254.737318 -31.604548 0.000000
-254.649177 -31.498874 0.000000
-254.560764 -31.400761 0.000000
-254.471521 -31.303153 0.000000
-254.376832 -31.224847 0.000000
-254.278335 -31.159576 0.000000
-254.186675 -31.077112 0.000000
-254.116592 -30.965869 0.000000
-254.005768 -30.923363 0.000000
-253.934321 -30.818080 0.000000
-253.827620 -30.768762 0.000000
-253.755477 -30.669371 0.000000
-253.668081 -30.593380 0.000000
-256.234979 -27.085100 0.000000
-256.234823 -27.055892 0.000000
-256.301313 -26.950480 0.000000
-256.306059 -26.921727 0.000000
-256.308990 -26.896221 0.000000
-256.313149 -26.874318 0.000000
-256.309135 -26.856753 0.000000
-256.306895 -26.840996 0.000000
-256.304383 -26.826782 0.000000
-256.297076 -26.817349 0.000000
-256.291186 -26.802740 0.000000
-256.284415 -26.794371 0.000000
-256.274996 -26.784003 0.000000
-256.262846 -26.776616 0.000000
-256.248075 -26.772994 0.000000
-256.145431 -26.788000 0.000000
-254.017179 -27.886170 0.000000
-255.342959 -27.139661 0.000000
-255.331198 -27.107596 0.000000
-255.500007 -26.994240 0.000000
-255.558844 -26.936384 0.000000
-255.549051 -26.907595 0.000000
-255.524939 -26.886428 0.000000
-255.510460 -26.861413 0.000000
-255.487395 -26.838699 0.000000
-254.560046 -26.978262 0.000000
-254.632747 -26.908328 0.000000
-254.682215 -26.849792 0.000000
-254.734446 -26.793494 0.000000
-254.785333 -26.739584 0.000000
-254.830586 -26.688460 0.000000
-254.876773 -26.641137 0.000000
-254.917212 -26.594472 0.000000
-254.960807 -26.550169 0.000000
-255.000501 -26.509977 0.000000
-255.037567 -26.469719 0.000000
-255.072284 -26.431585 0.000000
-255.355575 -26.400294 0.000000
-255.934968 -26.149845 0.000000
-256.054098 -26.174260 0.000000
-256.015598 -26.141440 0.000000
-256.004697 -26.117464 0.000000
-255.993196 -26.069288 0.000000
-255.605941 -25.853352 0.000000
-255.635184 -25.835784 0.000000
-255.652553 -25.814109 0.000000
-255.671036 -25.791290 0.000000
-255.697372 -25.770934 0.000000
-255.711456 -25.748596 0.000000
-255.733094 -25.728264 0.000000
-255.750493 -25.707618 0.000000
-255.771731 -25.687485 0.000000
-255.789204 -25.666684 0.000000
-255.807152 -25.645858 0.000000
-255.824470 -25.622164 0.000000
-255.845225 -25.605282 0.000000
-255.864039 -25.583348 0.000000
-255.883100 -25.563491 0.000000
-255.899643 -25.541341 0.000000
-255.917992 -25.520385 0.000000
-255.937901 -25.498908 0.000000
-255.959707 -25.480618 0.000000
-255.978061 -25.459488 0.000000
-255.995464 -25.436073 0.000000
-256.017825 -25.416646 0.000000
-256.033056 -25.392579 0.000000
-256.094046 -25.429798 0.000000
-256.112150 -25.408283 0.000000
-256.128720 -25.383991 0.000000
-256.117594 -25.307956 0.000000
-256.138771 -25.284211 0.000000
-256.161369 -25.263853 0.000000
-256.181065 -25.238108 0.000000
-256.203964 -25.214357 0.000000
-256.299757 -25.361677 0.000000
-256.329971 -25.363721 0.000000
-256.358210 -25.362907 0.000000
-256.381217 -25.351574 0.000000
-256.404484 -25.338384 0.000000
-256.429696 -25.327588 0.000000
-256.454855 -25.323651 0.000000
-256.476514 -25.303891 0.000000
-256.502811 -25.296746 0.000000
-256.525431 -25.280242 0.000000
-256.549048 -25.256509 0.000000
-256.576972 -24.815277 0.000000
