x y z
-2.129987 -1.036183 0.000000
-2.117134 -1.038963 0.000000
-2.118962 -1.040991 0.000000
-2.070162 -0.935790 0.000000
-2.066748 -0.936312 0.000000
-2.063208 -0.937237 0.000000
-2.057120 -0.938036 0.000000
-1.909715 -1.242768 0.000000
-1.907929 -1.209968 0.000000
-1.900198 -1.200929 0.000000
-1.890684 -1.195169 0.000000
-1.885416 -1.182572 0.000000
-1.875733 -1.178379 0.000000
-1.869876 -1.164809 0.000000
-1.863183 -1.157419 0.000000
-1.850846 -1.156813 0.000000
-1.841178 -1.154098 0.000000
-1.822756 -1.158317 0.000000
-1.795726 -1.180773 0.000000
-1.792618 -1.166151 0.000000
-1.799236 -1.137413 0.000000
-1.814995 -1.098142 0.000000
-1.809259 -1.089209 0.000000
-1.799313 -1.088820 0.000000
-1.810098 -1.059523 0.000000
-1.811711 -1.047470 0.000000
-1.803681 -1.040366 0.000000
-1.787977 -1.045632 0.000000
-1.777541 -1.041622 0.000000
-1.716665 -1.048134 0.000000
-1.710363 -1.041538 0.000000
-1.703828 -1.029776 0.000000
-1.701247 -1.021232 0.000000
-1.697234 -1.011221 0.000000
-1.638276 -1.000999 0.000000
-1.619944 -0.998756 0.000000
-1.620087 -0.984239 0.000000
-1.614766 -0.972672 0.000000
-1.583441 -0.972241 0.000000
-1.568748 -0.961401 0.000000
-1.574157 -0.946749 0.000000
-1.557273 -0.938571 0.000000
-1.559299 -0.922108 0.000000
-1.563204 -0.909019 0.000000
-1.539959 -0.900180 0.000000
-1.558408 -0.880738 0.000000
-1.576243 -0.864608 0.000000
-1.566012 -0.853149 0.000000
-1.570108 -0.841707 0.000000
-1.581555 -0.827078 0.000000
-1.579427 -0.814419 0.000000
-1.582877 -0.800470 0.000000
-1.589888 -0.788739 0.000000
-1.600323 -0.774855 0.000000
-1.599888 -0.763872 0.000000
-1.599101 -0.751442 0.000000
-1.595939 -0.740215 0.000000
-1.587989 -0.725528 0.000000
-1.573175 -0.712766 0.000000
-1.963239 -0.763759 0.000000
3.445303 0.382270 0.000000
3.422873 0.521292 0.000000
-1.951603 -0.692534 0.000000
-1.951116 -0.687325 0.000000
-0.693331 0.676454 0.000000
-0.775214 0.664676 0.000000
-0.849307 0.652935 0.000000
-0.897743 0.669321 0.000000
-0.938054 0.694014 0.000000
-0.972849 0.724995 0.000000
-1.030353 0.724402 0.000000
-1.083995 0.728529 0.000000
-2.033400 -0.674724 0.000000
-2.039362 -0.675626 0.000000
-2.044347 -0.676270 0.000000
-2.045782 -0.678167 0.000000
-2.052227 -0.678328 0.000000
-2.053208 -0.679616 0.000000
-2.129116 -0.679449 0.000000
-2.460534 0.005807 0.000000
-2.465071 -0.038441 0.000000
-2.503846 -0.009632 0.000000
-2.544718 -0.025152 0.000000
-2.569924 -0.026630 0.000000
-2.599406 -0.024977 0.000000
-2.662136 0.030759 0.000000
-2.754089 0.119493 0.000000
-3.190522 0.525815 0.000000
-3.165438 0.429000 0.000000
-3.144582 0.343621 0.000000
-3.126152 0.266473 0.000000
-3.108384 0.196016 0.000000
-3.091137 0.128299 0.000000
-3.076713 0.068656 0.000000
-3.061002 0.012204 0.000000
-3.047261 -0.041285 0.000000
-3.034029 -0.089474 0.000000
-3.023138 -0.136266 0.000000
-3.008632 -0.180608 0.000000
-2.999468 -0.220745 0.000000
-2.990487 -0.258319 0.000000
-2.978544 -0.295679 0.000000
-2.970010 -0.330793 0.000000
-2.960916 -0.364177 0.000000
-2.952510 -0.396498 0.000000
-2.942669 -0.428505 0.000000
-2.936559 -0.456920 0.000000
-2.928397 -0.485214 0.000000
-2.918486 -0.512652 0.000000
-2.911545 -0.538153 0.000000
-2.916891 -0.648702 0.000000
-2.912696 -0.669466 0.000000
-2.911117 -0.690651 0.000000
-2.901473 -0.714107 0.000000
-2.901003 -0.734561 0.000000
-2.885023 -0.755433 0.000000
-2.863117 -0.778238 0.000000
-2.854797 -0.796547 0.000000
-2.841282 -0.815836 0.000000
-2.835986 -0.835999 0.000000
-2.831785 -0.853954 0.000000
-2.826640 -0.871880 0.000000
-2.821696 -0.890670 0.000000
-2.818617 -0.908767 0.000000
-2.811459 -0.925754 0.000000
-2.807386 -0.945562 0.000000
-2.557710 -0.918700 0.000000
-2.565457 -0.930962 0.000000
-2.370047 -0.906841 0.000000
-2.366195 -0.912910 0.000000
-2.357888 -0.918198 0.000000
-2.351639 -0.922002 0.000000
-2.344534 -0.929081 0.000000
-2.336682 -0.936913 0.000000
-2.329932 -0.940465 0.000000
-2.322277 -0.943786 0.000000
-2.313538 -0.948991 0.000000
-2.306737 -0.951666 0.000000
-2.296910 -0.956643 0.000000
-2.282656 -0.950306 0.000000
-2.280366 -0.954992 0.000000
-2.276727 -0.959587 0.000000
-2.265223 -0.969087 0.000000
-2.262932 -0.967516 0.000000
-2.252764 -0.973720 0.000000
-2.259407 -0.978753 0.000000
-2.249011 -0.986504 0.000000
-2.244735 -0.987935 0.000000
-2.238277 -0.993326 0.000000
-2.236266 -0.993015 0.000000
-2.231958 -0.994162 0.000000
-2.221645 -1.001353 0.000000
-2.222615 -0.999463 0.000000
-2.212614 -1.006084 0.000000
-2.212153 -1.006077 0.000000
-2.204790 -1.010199 0.000000
-2.202327 -1.011597 0.000000
-2.194440 -1.014972 0.000000
-2.188613 -1.016473 0.000000
-2.184856 -1.016864 0.000000
-2.177756 -1.019464 0.000000
-2.166810 -1.022716 0.000000
-2.161179 -1.024174 0.000000
-2.160782 -1.024572 0.000000
-2.156137 -1.026605 0.000000
-2.146069 -1.029760 0.000000
-2.139192 -1.031714 0.000000
-2.133714 -1.032397 0.000000
-2.128338 -1.034960 0.000000
