x y z
-200.241102 20.365009 0.000000
-200.327802 20.341834 0.000000
-200.366207 20.332246 0.000000
-200.405612 20.320449 0.000000
-200.440671 20.314712 0.000000
-200.674485 19.947116 0.000000
-200.699082 19.933921 0.000000
-200.720041 19.928324 0.000000
-200.739523 19.934346 0.000000
-200.762344 19.920096 0.000000
-200.783736 19.912527 0.000000
-200.804578 19.907196 0.000000
-200.822766 19.900426 0.000000
-200.870097 19.746255 0.000000
-200.886477 19.741875 0.000000
-200.900249 19.736098 0.000000
-200.914925 19.732627 0.000000
-200.928758 19.728282 0.000000
-200.968423 19.851220 0.000000
-200.985448 19.855161 0.000000
-201.001690 19.852002 0.000000
-201.016594 19.845824 0.000000
-201.033937 19.839852 0.000000
-201.050109 19.839378 0.000000
-201.066733 19.834445 0.000000
-201.081949 19.829087 0.000000
-201.096910 19.825207 0.000000
-201.113117 19.819714 0.000000
-201.129072 19.816185 0.000000
-201.144843 19.808713 0.000000
-201.161240 19.804021 0.000000
-201.175635 19.801617 0.000000
-201.192588 19.802281 0.000000
-201.878921 21.373995 0.000000
-201.931807 21.358467 0.000000
-201.984664 21.342160 0.000000
-202.035798 21.323107 0.000000
-202.090081 21.311205 0.000000
-202.141277 21.289420 0.000000
-202.201597 21.284606 0.000000
-202.256526 21.265890 0.000000
-202.307943 21.243148 0.000000
-202.362013 21.223776 0.000000
-202.421714 21.211482 0.000000
-202.481350 21.193703 0.000000
-202.540750 21.177569 0.000000
-202.595251 21.154791 0.000000
-202.657405 21.136725 0.000000
-202.721593 21.121424 0.000000
-202.781750 21.098599 0.000000
-202.850708 21.084549 0.000000
-202.917626 21.066109 0.000000
-202.988436 21.050377 0.000000
-203.051661 21.022137 0.000000
-203.134976 21.010916 0.000000
-203.200933 20.983990 0.000000
-203.264204 20.953049 0.000000
-203.363277 20.945879 0.000000
-203.427764 20.910300 0.000000
-203.526131 20.895703 0.000000
-203.794115 20.993557 0.000000
-204.025220 21.053774 0.000000
-203.990844 20.938069 0.000000
-204.108321 20.916644 0.000000
-204.208066 20.880981 0.000000
-204.425401 20.804572 0.000000
-204.483190 20.736302 0.000000
-204.552048 20.672875 0.000000
-204.583271 20.592181 0.000000
-205.118718 20.708490 0.000000
-205.087223 20.591263 0.000000
-205.221523 20.535509 0.000000
-205.184309 20.417456 0.000000
-205.121531 20.296633 0.000000
-205.071654 20.184726 0.000000
-205.080678 20.089219 0.000000
-205.034951 19.982521 0.000000
-205.012780 19.882268 0.000000
-204.987314 19.785584 0.000000
-204.948937 19.688849 0.000000
-204.904076 19.591441 0.000000
-204.922545 19.502977 0.000000
-204.874801 19.411074 0.000000
-204.861517 19.321397 0.000000
-204.804926 19.232168 0.000000
-204.808309 19.147302 0.000000
-204.743309 19.062046 0.000000
-204.726174 18.978047 0.000000
-204.708734 18.895730 0.000000
-204.696570 18.811523 0.000000
-204.658243 18.731235 0.000000
-204.634830 18.652491 0.000000
-204.615394 18.571735 0.000000
-204.590322 18.491256 0.000000
-204.545448 18.417135 0.000000
-204.549191 18.333928 0.000000
-204.527660 18.254751 0.000000
-204.504141 18.176215 0.000000
-204.462342 18.104074 0.000000
-204.448831 18.022023 0.000000
-204.441775 17.941480 0.000000
-204.422062 17.862483 0.000000
-204.763204 17.644448 0.000000
-202.954935 18.276869 0.000000
-202.793958 18.293507 0.000000
-202.777390 18.250617 0.000000
-202.769948 18.204850 0.000000
-202.751628 18.164118 0.000000
-202.743591 18.118181 0.000000
-202.727569 18.074840 0.000000
-202.710204 18.031247 0.000000
-202.693917 17.989867 0.000000
-202.683680 17.941226 0.000000
-202.671998 17.891880 0.000000
-202.659529 17.844920 0.000000
-202.639109 17.799485 0.000000
-202.629415 17.748379 0.000000
-202.615236 17.698134 0.000000
-202.591942 17.653123 0.000000
-202.585646 17.593136 0.000000
-202.563511 17.546334 0.000000
-202.553501 17.487017 0.000000
-202.530352 17.436683 0.000000
-202.513521 17.379794 0.000000
-202.507482 17.310227 0.000000
-202.504611 17.230386 0.000000
-203.382375 15.759265 0.000000
-203.370469 15.618003 0.000000
-203.317879 15.525576 0.000000
-203.301448 15.373608 0.000000
-203.294234 15.193408 0.000000
-203.248679 15.069788 0.000000
-203.139828 15.055966 0.000000
-202.795250 15.498949 0.000000
-202.716465 15.456661 0.000000
-202.629991 15.430894 0.000000
-202.539233 15.419315 0.000000
-202.444684 15.417187 0.000000
-202.361865 15.384985 0.000000
-202.288688 15.325153 0.000000
-202.181328 15.369056 0.000000
-202.050254 15.495886 0.000000
-201.991058 15.397835 0.000000
-202.437471 13.344903 0.000000
-202.305423 13.332984 0.000000
-202.158127 13.390065 0.000000
-202.013379 13.454490 0.000000
-201.876055 13.507931 0.000000
-201.753471 13.480223 0.000000
-201.615702 13.564268 0.000000
-201.490001 13.568486 0.000000
-201.362534 13.606965 0.000000
-201.236085 13.697114 0.000000
-201.113649 13.744346 0.000000
-200.989241 13.769050 0.000000
-200.870445 13.799050 0.000000
-200.753907 13.818133 0.000000
-200.638015 13.860566 0.000000
-200.522800 13.892318 0.000000
-200.409373 13.931560 0.000000
-200.304460 14.027054 0.000000
-200.193940 14.052483 0.000000
-200.075303 14.029337 0.000000
-200.764098 18.305701 0.000000
-200.796983 18.517338 0.000000
-200.786210 18.530954 0.000000
-200.777397 18.552976 0.000000
-200.768634 18.564238 0.000000
-200.758511 18.577102 0.000000
-200.749669 18.584403 0.000000
-200.738353 18.590287 0.000000
-200.725412 18.594765 0.000000
-200.713547 18.598799 0.000000
-200.698997 18.599185 0.000000
-200.679511 18.586935 0.000000
-200.665994 18.587646 0.000000
-200.634503 18.555985 0.000000
-200.393777 18.375604 0.000000
-200.393609 18.408064 0.000000
-200.378714 18.420848 0.000000
-200.357520 18.428437 0.000000
-200.042472 18.188255 0.000000
-200.012304 18.200632 0.000000
-199.217845 17.629441 0.000000
-199.245802 17.718465 0.000000
-199.267080 17.796432 0.000000
-199.296445 17.879622 0.000000
-199.317787 17.951064 0.000000
-199.339091 18.019977 0.000000
-199.362925 18.086882 0.000000
-199.376747 18.147165 0.000000
-199.394617 18.204032 0.000000
-199.408433 18.259259 0.000000
-199.425910 18.311179 0.000000
-199.437155 18.361255 0.000000
-199.456126 18.411749 0.000000
-199.797656 18.971090 0.000000
-200.108759 19.033286 0.000000
-200.214990 19.062235 0.000000
-200.155394 19.073444 0.000000
-200.151652 19.091465 0.000000
-200.110316 19.110110 0.000000
-199.691492 19.183378 0.000000
-199.698644 19.212410 0.000000
-199.706658 19.238357 0.000000
-199.716385 19.267322 0.000000
-199.720143 19.295539 0.000000
-199.730812 19.323253 0.000000
-199.741874 19.348195 0.000000
-199.748020 19.376054 0.000000
-199.755773 19.403519 0.000000
-199.763066 19.429659 0.000000
-199.770254 19.456882 0.000000
-199.776081 19.483508 0.000000
-199.786051 19.508830 0.000000
-199.794801 19.536354 0.000000
-199.798114 19.564629 0.000000
-199.808067 19.589720 0.000000
-199.815413 19.616748 0.000000
-199.821437 19.644231 0.000000
-199.831486 19.671167 0.000000
-199.839800 19.698788 0.000000
-199.847960 19.726380 0.000000
-199.807850 19.782626 0.000000
-199.920474 19.751053 0.000000
-199.930872 19.775821 0.000000
-199.935419 19.805646 0.000000
-199.892572 19.868744 0.000000
-199.897667 19.900308 0.000000
-199.906810 19.929984 0.000000
-199.917172 19.959764 0.000000
-199.927820 19.990418 0.000000
-200.086453 19.894508 0.000000
-200.104950 19.912015 0.000000
-200.137786 19.918006 0.000000
-200.155994 19.937819 0.000000
-200.161119 19.967154 0.000000
-200.185459 19.981826 0.000000
-200.194424 20.009795 0.000000
-200.215519 20.026975 0.000000
-200.232452 20.047415 0.000000
-200.243458 20.077388 0.000000
-200.251912 20.109428 0.000000
