x y z
-155.701806 34.100655 0.000000
-155.751183 34.094623 0.000000
-155.792000 34.094719 0.000000
-155.829841 34.098251 0.000000
-155.869588 34.096613 0.000000
-156.184294 33.804558 0.000000
-156.211358 33.801702 0.000000
-156.233762 33.803599 0.000000
-156.256399 33.802776 0.000000
-156.277532 33.804054 0.000000
-156.297272 33.804677 0.000000
-156.320840 33.801743 0.000000
-156.337974 33.804939 0.000000
-156.426131 33.660619 0.000000
-156.442968 33.663799 0.000000
-156.457960 33.664491 0.000000
-156.473210 33.660695 0.000000
-156.487287 33.660434 0.000000
-156.636167 33.288441 0.000000
-156.475520 33.789326 0.000000
-156.493521 33.791353 0.000000
-156.507041 33.802156 0.000000
-156.558389 33.798198 0.000000
-156.575450 33.798308 0.000000
-156.591947 33.802239 0.000000
-156.609073 33.800570 0.000000
-156.625426 33.799207 0.000000
-156.642138 33.800255 0.000000
-156.657588 33.797132 0.000000
-156.676043 33.794706 0.000000
-156.691709 33.798113 0.000000
-156.707425 33.798682 0.000000
-156.722796 33.802689 0.000000
-156.876341 35.492986 0.000000
-156.929755 35.487551 0.000000
-156.984953 35.501610 0.000000
-157.039646 35.496894 0.000000
-157.096041 35.497240 0.000000
-157.149880 35.489167 0.000000
-157.206835 35.498120 0.000000
-157.261794 35.491958 0.000000
-157.322040 35.496595 0.000000
-157.377588 35.491611 0.000000
-157.434690 35.485419 0.000000
-157.491604 35.479286 0.000000
-157.557337 35.491785 0.000000
-157.616185 35.488145 0.000000
-157.675364 35.479536 0.000000
-157.742628 35.485899 0.000000
-157.784847 35.436835 0.000000
-157.869858 35.478633 0.000000
-157.941274 35.487214 0.000000
-158.010088 35.488905 0.000000
-158.074899 35.476122 0.000000
-158.147490 35.475691 0.000000
-158.215373 35.466254 0.000000
-158.302942 35.483816 0.000000
-158.371128 35.469027 0.000000
-158.466482 35.488990 0.000000
-158.538982 35.471450 0.000000
-158.623649 35.470726 0.000000
-158.711431 35.467468 0.000000
-158.963117 35.649635 0.000000
-159.112078 35.698565 0.000000
-159.156850 35.631078 0.000000
-159.273904 35.630571 0.000000
-159.513156 35.628351 0.000000
-159.580888 35.575434 0.000000
-159.673493 35.542096 0.000000
-159.767668 35.505806 0.000000
-160.260760 35.773168 0.000000
-160.267250 35.652719 0.000000
-160.360098 35.598039 0.000000
-160.407370 35.508207 0.000000
-160.373511 35.369809 0.000000
-160.385235 35.262322 0.000000
-160.381667 35.149896 0.000000
-160.394268 35.050331 0.000000
-160.376015 34.935687 0.000000
-160.377344 34.832511 0.000000
-160.381848 34.734118 0.000000
-160.364476 34.628234 0.000000
-160.362240 34.528783 0.000000
-160.370117 34.438396 0.000000
-160.380174 34.348756 0.000000
-160.357928 34.248581 0.000000
-160.335411 34.151852 0.000000
-160.370022 34.072917 0.000000
-160.346385 33.978961 0.000000
-160.346029 33.892313 0.000000
-160.351396 33.805611 0.000000
-160.332773 33.718304 0.000000
-160.347432 33.637647 0.000000
-160.347058 33.553889 0.000000
-160.337680 33.468648 0.000000
-160.337292 33.385024 0.000000
-160.342169 33.303078 0.000000
-160.336968 33.220733 0.000000
-160.343131 33.140984 0.000000
-160.341294 33.058057 0.000000
-160.334109 32.976337 0.000000
-160.337137 32.895354 0.000000
-160.330996 32.812705 0.000000
-160.702599 32.700356 0.000000
-158.854693 32.809056 0.000000
-158.655949 32.785757 0.000000
-158.656985 32.740319 0.000000
-158.652900 32.696025 0.000000
-158.649550 32.650260 0.000000
-158.657438 32.603249 0.000000
-158.653035 32.557442 0.000000
-158.645253 32.511679 0.000000
-158.650906 32.462117 0.000000
-158.654726 32.413420 0.000000
-158.644019 32.367820 0.000000
-158.650729 32.314681 0.000000
-158.643730 32.267794 0.000000
-158.644776 32.214330 0.000000
-158.644228 32.162429 0.000000
-158.637209 32.113308 0.000000
-158.645415 32.055580 0.000000
-158.635989 32.005768 0.000000
-158.633514 31.949071 0.000000
-158.633103 31.892655 0.000000
-158.628965 31.834150 0.000000
-158.634635 31.769905 0.000000
-158.659776 31.689141 0.000000
-158.694994 31.597358 0.000000
-158.819907 31.434192 0.000000
-159.933372 30.484663 0.000000
-159.920681 30.374345 0.000000
-159.904850 30.263157 0.000000
-159.924532 30.117563 0.000000
-159.962502 29.947712 0.000000
-159.949468 29.817788 0.000000
-159.832436 29.790721 0.000000
-159.428964 30.076049 0.000000
-159.352426 30.027134 0.000000
-159.279011 29.972015 0.000000
-159.170330 29.959537 0.000000
-159.112301 29.888733 0.000000
-159.035543 29.841998 0.000000
-158.966951 29.786030 0.000000
-158.892944 29.735705 0.000000
-158.696350 29.877327 0.000000
-158.652391 29.786527 0.000000
-159.659538 27.875516 0.000000
-159.512400 27.865736 0.000000
-159.377330 27.838580 0.000000
-159.194474 27.913264 0.000000
-159.060660 27.897153 0.000000
-158.932364 27.872959 0.000000
-158.790890 27.884551 0.000000
-158.644055 27.914020 0.000000
-158.521138 27.895911 0.000000
-158.388251 27.906580 0.000000
-158.249155 27.945441 0.000000
-158.126071 27.945706 0.000000
-158.008674 27.935700 0.000000
-157.886066 27.932732 0.000000
-157.765513 27.932477 0.000000
-157.645138 27.937243 0.000000
-157.529040 27.932213 0.000000
-157.411086 27.934551 0.000000
-157.294256 27.934620 0.000000
-157.179270 27.922160 0.000000
-156.702485 32.245032 0.000000
-156.677142 32.395968 0.000000
-156.663177 32.425422 0.000000
-156.647749 32.450781 0.000000
-156.635012 32.468862 0.000000
-156.621497 32.482576 0.000000
-156.611002 32.492518 0.000000
-156.597113 32.500651 0.000000
-156.584012 32.505998 0.000000
-156.572727 32.509298 0.000000
-156.560155 32.510817 0.000000
-156.546106 32.510402 0.000000
-156.532524 32.506837 0.000000
-156.518749 32.498917 0.000000
-156.495516 32.462994 0.000000
-156.472883 32.436570 0.000000
-156.100312 31.633328 0.000000
-156.088574 31.699980 0.000000
-156.088435 31.783504 0.000000
-156.108550 31.901221 0.000000
-156.093832 31.936876 0.000000
-156.060925 31.935383 0.000000
-156.032957 31.943294 0.000000
-156.000958 31.944424 0.000000
-155.386794 31.189414 0.000000
-155.390087 31.281255 0.000000
-155.388955 31.363504 0.000000
-155.395243 31.450325 0.000000
-155.395688 31.522382 0.000000
-155.398613 31.595978 0.000000
-155.404261 31.667887 0.000000
-155.404003 31.731309 0.000000
-155.402792 31.788679 0.000000
-155.404937 31.846805 0.000000
-155.405946 31.901991 0.000000
-155.409496 31.958337 0.000000
-155.409976 32.007363 0.000000
-155.599566 32.640763 0.000000
-155.972425 32.816581 0.000000
-155.964773 32.832602 0.000000
-155.908201 32.830509 0.000000
-155.899189 32.846715 0.000000
-155.859193 32.853552 0.000000
-155.428117 32.813533 0.000000
-155.435296 32.844924 0.000000
-155.433178 32.873912 0.000000
-155.429661 32.903294 0.000000
-155.434592 32.930834 0.000000
-155.434994 32.959336 0.000000
-155.436114 32.986730 0.000000
-155.434778 33.015245 0.000000
-155.435837 33.044153 0.000000
-155.433815 33.070953 0.000000
-155.435408 33.099458 0.000000
-155.436077 33.126264 0.000000
-155.435442 33.154885 0.000000
-155.434690 33.183292 0.000000
-155.436574 33.211551 0.000000
-155.437926 33.238564 0.000000
-155.438383 33.265818 0.000000
-155.438761 33.294998 0.000000
-155.436329 33.324627 0.000000
-155.438583 33.353929 0.000000
-155.474438 33.403072 0.000000
-155.500089 33.423504 0.000000
-155.504106 33.451497 0.000000
-155.444368 33.498986 0.000000
-155.446549 33.530137 0.000000
-155.443404 33.562288 0.000000
-155.446343 33.593755 0.000000
-155.448331 33.625723 0.000000
-155.616206 33.581750 0.000000
-155.632957 33.603190 0.000000
-155.650931 33.622982 0.000000
-155.658762 33.648555 0.000000
-155.673136 33.671273 0.000000
-155.687928 33.692558 0.000000
-155.690287 33.721197 0.000000
-155.702211 33.745143 0.000000
-155.713688 33.770024 0.000000
-155.721216 33.796971 0.000000
-155.729112 33.825889 0.000000
-155.458402 34.168653 0.000000
