x y z
-152.944283 34.546841 0.000000
-152.990802 34.546191 0.000000
-153.077685 34.545681 0.000000
-153.114250 34.552891 0.000000
-153.153003 34.553774 0.000000
-153.188032 34.555927 0.000000
-153.506130 34.259806 0.000000
-153.530673 34.258189 0.000000
-153.565550 34.239499 0.000000
-153.575574 34.260172 0.000000
-153.595214 34.260544 0.000000
-153.631138 34.234306 0.000000
-153.636494 34.263260 0.000000
-153.725353 34.121886 0.000000
-153.743293 34.121277 0.000000
-153.758711 34.122722 0.000000
-153.773189 34.122650 0.000000
-153.787223 34.125291 0.000000
-153.800522 34.131040 0.000000
-153.791912 34.248504 0.000000
-153.807089 34.256454 0.000000
-153.822605 34.257428 0.000000
-153.840964 34.258169 0.000000
-153.857762 34.257663 0.000000
-153.873821 34.259454 0.000000
-153.891668 34.258363 0.000000
-153.906378 34.260260 0.000000
-153.923532 34.259833 0.000000
-153.940727 34.257507 0.000000
-153.957460 34.261271 0.000000
-153.974909 34.257911 0.000000
-153.989006 34.256625 0.000000
-154.006457 34.257763 0.000000
-154.022493 34.261543 0.000000
-154.248500 35.950440 0.000000
-154.303671 35.963386 0.000000
-154.358893 35.966315 0.000000
-154.415811 35.968249 0.000000
-154.470325 35.962241 0.000000
-154.526030 35.957554 0.000000
-154.585130 35.965435 0.000000
-154.641816 35.960524 0.000000
-154.698441 35.958756 0.000000
-154.755717 35.952391 0.000000
-154.817017 35.954155 0.000000
-154.873864 35.944993 0.000000
-154.937831 35.956675 0.000000
-155.001725 35.958722 0.000000
-155.061833 35.949281 0.000000
-155.149153 35.997980 0.000000
-155.189613 35.945738 0.000000
-155.259635 35.947933 0.000000
-155.326516 35.947448 0.000000
-155.401901 35.951274 0.000000
-155.469774 35.943662 0.000000
-155.555685 35.960293 0.000000
-155.624574 35.951151 0.000000
-155.696912 35.940398 0.000000
-155.791324 35.959721 0.000000
-155.873383 35.955254 0.000000
-155.962084 35.957004 0.000000
-156.064237 35.969346 0.000000
-156.311171 36.145300 0.000000
-156.401189 36.127460 0.000000
-156.511740 36.127703 0.000000
-156.618501 36.120776 0.000000
-156.822556 36.085571 0.000000
-156.922198 36.060362 0.000000
-157.011391 36.021765 0.000000
-157.068504 35.955354 0.000000
-157.556563 36.217740 0.000000
-157.553375 36.093966 0.000000
-157.699946 36.074120 0.000000
-157.682810 35.945684 0.000000
-157.673501 35.822306 0.000000
-157.695911 35.724271 0.000000
-157.705609 35.617969 0.000000
-157.664224 35.487970 0.000000
-157.661492 35.383634 0.000000
-157.686025 35.292273 0.000000
-157.636266 35.169560 0.000000
-157.647144 35.077162 0.000000
-157.660302 34.985763 0.000000
-157.674680 34.898139 0.000000
-157.680843 34.808464 0.000000
-157.696837 34.721933 0.000000
-157.671272 34.623576 0.000000
-157.655065 34.528063 0.000000
-157.653888 34.441380 0.000000
-157.657039 34.357723 0.000000
-157.662531 34.271058 0.000000
-157.669448 34.189332 0.000000
-157.644392 34.099869 0.000000
-157.676782 34.020820 0.000000
-157.652922 33.935594 0.000000
-157.647780 33.853490 0.000000
-157.650415 33.770445 0.000000
-157.670560 33.690288 0.000000
-157.655220 33.607638 0.000000
-157.634532 33.525759 0.000000
-157.659784 33.444716 0.000000
-157.641559 33.365446 0.000000
-157.647751 33.284177 0.000000
-158.012631 33.172465 0.000000
-156.118069 33.282010 0.000000
-155.983005 33.250903 0.000000
-155.971728 33.206663 0.000000
-155.982976 33.160641 0.000000
-155.979463 33.115706 0.000000
-155.974808 33.070205 0.000000
-155.973468 33.023590 0.000000
-155.965102 32.977886 0.000000
-155.958636 32.932571 0.000000
-155.972858 32.881332 0.000000
-155.966809 32.834065 0.000000
-155.960130 32.785943 0.000000
-155.963128 32.735255 0.000000
-155.964610 32.683548 0.000000
-155.962904 32.630939 0.000000
-155.954936 32.581663 0.000000
-155.963212 32.524730 0.000000
-155.956890 32.471260 0.000000
-155.963883 32.410604 0.000000
-155.954119 32.358111 0.000000
-155.954758 32.298861 0.000000
-155.966740 32.229694 0.000000
-155.982194 32.154745 0.000000
-156.018925 32.063836 0.000000
-157.230348 30.978782 0.000000
-157.230870 30.860343 0.000000
-157.232255 30.736740 0.000000
-157.256466 30.587692 0.000000
-157.304920 30.408641 0.000000
-157.272034 30.298160 0.000000
-157.160316 30.267246 0.000000
-156.748755 30.556336 0.000000
-156.671780 30.508168 0.000000
-156.608803 30.447923 0.000000
-156.508265 30.430116 0.000000
-156.446220 30.366228 0.000000
-156.374855 30.312166 0.000000
-156.304779 30.258096 0.000000
-156.230401 30.210114 0.000000
-156.034493 30.345792 0.000000
-155.991638 30.257636 0.000000
-157.011902 28.358195 0.000000
-156.868114 28.341407 0.000000
-156.729980 28.319142 0.000000
-156.587045 28.314579 0.000000
-156.429804 28.342961 0.000000
-156.291239 28.343204 0.000000
-156.144876 28.364654 0.000000
-156.014007 28.355788 0.000000
-155.865567 28.400194 0.000000
-155.746766 28.370258 0.000000
-155.611503 28.403796 0.000000
-155.483948 28.396230 0.000000
-155.358481 28.402829 0.000000
-155.230526 28.427030 0.000000
-155.119492 28.398563 0.000000
-154.997531 28.409985 0.000000
-154.870297 28.460982 0.000000
-154.764470 28.400567 0.000000
-154.646560 28.397070 0.000000
-154.526027 28.450521 0.000000
-154.413098 28.447214 0.000000
-154.023097 32.691425 0.000000
-153.992592 32.919887 0.000000
-153.980635 32.929514 0.000000
-153.967517 32.944692 0.000000
-153.953587 32.956491 0.000000
-153.942416 32.965400 0.000000
-153.928562 32.970839 0.000000
-153.915900 32.973453 0.000000
-153.903187 32.973589 0.000000
-153.892460 32.973902 0.000000
-153.879752 32.971757 0.000000
-153.862877 32.954922 0.000000
-153.849437 32.952202 0.000000
-153.826903 32.917504 0.000000
-153.678347 32.702957 0.000000
-153.666488 32.730742 0.000000
-153.649011 32.734834 0.000000
-153.628567 32.739034 0.000000
-153.390371 32.395193 0.000000
-153.360024 32.396919 0.000000
-153.329914 32.404391 0.000000
-152.713955 31.626982 0.000000
-152.713199 31.714905 0.000000
-152.716484 31.801935 0.000000
-152.716725 31.882621 0.000000
-152.723438 31.966632 0.000000
-152.720187 32.034018 0.000000
-152.725162 32.104901 0.000000
-152.727321 32.169849 0.000000
-152.724218 32.228378 0.000000
-152.728968 32.289993 0.000000
-152.728207 32.344230 0.000000
-152.728309 32.397019 0.000000
-152.733282 32.451279 0.000000
-152.860940 32.608849 0.000000
-153.183354 33.225306 0.000000
-153.290358 33.286646 0.000000
-153.227322 33.280358 0.000000
-153.215972 33.297363 0.000000
-153.181987 33.304190 0.000000
-152.748460 33.259331 0.000000
-152.746033 33.287168 0.000000
-152.744531 33.314683 0.000000
-152.745751 33.344903 0.000000
-152.746004 33.374390 0.000000
-152.747942 33.401465 0.000000
-152.752488 33.431276 0.000000
-152.751331 33.459082 0.000000
-152.750582 33.485866 0.000000
-152.748402 33.513299 0.000000
-152.749834 33.541459 0.000000
-152.749393 33.569286 0.000000
-152.750860 33.597749 0.000000
-152.750382 33.625001 0.000000
-152.747550 33.652939 0.000000
-152.749402 33.681247 0.000000
-152.751751 33.708519 0.000000
-152.748837 33.737080 0.000000
-152.746891 33.766150 0.000000
-152.749540 33.794579 0.000000
-152.750896 33.822392 0.000000
-152.815187 33.836596 0.000000
-152.812045 33.865081 0.000000
-152.813909 33.894281 0.000000
-152.813221 33.923237 0.000000
-152.754501 33.972269 0.000000
-152.752290 34.003816 0.000000
-152.755872 34.034028 0.000000
-152.753699 34.066318 0.000000
-152.756462 34.099498 0.000000
-152.932785 34.050608 0.000000
-152.946605 34.073550 0.000000
-152.965590 34.093209 0.000000
-152.982705 34.113943 0.000000
-152.992236 34.136440 0.000000
-152.997774 34.164308 0.000000
-153.009912 34.187932 0.000000
-153.016026 34.216746 0.000000
-153.028234 34.238884 0.000000
-153.033615 34.268098 0.000000
-153.043729 34.294697 0.000000
