x y z
-246.197442 -13.615134 0.000000
-246.233953 -13.634357 0.000000
-246.268468 -13.658903 0.000000
-246.301958 -13.682251 0.000000
-246.333715 -13.703436 0.000000
-246.366692 -13.720468 0.000000
-246.458196 -14.143795 0.000000
-246.477482 -14.163149 0.000000
-246.496129 -14.179420 0.000000
-246.514428 -14.186578 0.000000
-246.532747 -14.199693 0.000000
-246.549407 -14.214566 0.000000
-246.565983 -14.227820 0.000000
-246.583697 -14.226973 0.000000
-246.572425 -14.402508 0.000000
-246.586392 -14.406622 0.000000
-246.598434 -14.418067 0.000000
-246.612011 -14.425875 0.000000
-246.622708 -14.441812 0.000000
-246.527756 -14.820359 0.000000
-246.687660 -14.324770 0.000000
-246.700174 -14.333268 0.000000
-246.719636 -14.333808 0.000000
-246.759260 -14.366204 0.000000
-246.773370 -14.374829 0.000000
-246.787962 -14.383280 0.000000
-246.801869 -14.392075 0.000000
-246.813382 -14.403656 0.000000
-246.826570 -14.411088 0.000000
-246.838239 -14.425966 0.000000
-246.852199 -14.435976 0.000000
-246.866187 -14.441880 0.000000
-246.881269 -14.451182 0.000000
-246.898330 -14.456214 0.000000
-247.961640 -13.194260 0.000000
-248.044240 -13.180354 0.000000
-248.093466 -13.204573 0.000000
-248.126445 -13.251800 0.000000
-248.171968 -13.283721 0.000000
-248.214170 -13.317559 0.000000
-248.265172 -13.346431 0.000000
-248.307109 -13.381664 0.000000
-248.361034 -13.408119 0.000000
-248.402679 -13.446749 0.000000
-248.449124 -13.483011 0.000000
-248.491887 -13.521077 0.000000
-248.542734 -13.554961 0.000000
-248.594394 -13.586939 0.000000
-248.641241 -13.627504 0.000000
-248.694731 -13.663309 0.000000
-248.790130 -13.673786 0.000000
-248.799201 -13.738839 0.000000
-248.860224 -13.774071 0.000000
-248.906231 -13.820225 0.000000
-248.962670 -13.860082 0.000000
-249.026395 -13.899226 0.000000
-249.089371 -13.940718 0.000000
-249.159040 -13.982487 0.000000
-249.203807 -14.033048 0.000000
-249.288254 -14.074826 0.000000
-249.361901 -14.120504 0.000000
-249.436550 -14.171122 0.000000
-249.486749 -14.228204 0.000000
-249.794524 -14.223922 0.000000
-249.923833 -14.275766 0.000000
-249.941448 -14.355508 0.000000
-250.089836 -14.410135 0.000000
-250.145597 -14.485582 0.000000
-250.245791 -14.554328 0.000000
-250.330109 -14.631869 0.000000
-250.325853 -14.719913 0.000000
-250.360543 -14.805207 0.000000
-250.910146 -14.870032 0.000000
-250.857386 -14.970763 0.000000
-250.903879 -15.069936 0.000000
-250.880406 -15.169054 0.000000
-250.787275 -15.264723 0.000000
-250.732445 -15.356978 0.000000
-250.653926 -15.445950 0.000000
-250.566659 -15.530736 0.000000
-250.543407 -15.622419 0.000000
-250.488289 -15.708314 0.000000
-250.421259 -15.787836 0.000000
-250.366180 -15.868721 0.000000
-250.279809 -15.941599 0.000000
-250.240135 -16.021316 0.000000
-250.211754 -16.104517 0.000000
-250.158147 -16.179711 0.000000
-250.075805 -16.243950 0.000000
-250.037542 -16.322362 0.000000
-249.969638 -16.386699 0.000000
-249.928571 -16.462328 0.000000
-249.876632 -16.530515 0.000000
-249.832039 -16.602237 0.000000
-249.775415 -16.668670 0.000000
-249.722232 -16.733520 0.000000
-249.638573 -16.783087 0.000000
-249.629196 -16.870657 0.000000
-249.579481 -16.937935 0.000000
-249.534187 -17.004069 0.000000
-249.460081 -17.054370 0.000000
-249.430447 -17.132878 0.000000
-249.368415 -17.188671 0.000000
-249.309952 -17.245020 0.000000
-249.271594 -17.318205 0.000000
-249.532288 -17.640873 0.000000
-248.075032 -16.491245 0.000000
-247.897486 -16.393142 0.000000
-247.873842 -16.431625 0.000000
-247.848202 -16.471054 0.000000
-247.827494 -16.514023 0.000000
-247.797236 -16.547458 0.000000
-247.765233 -16.581742 0.000000
-247.734729 -16.614718 0.000000
-247.709628 -16.657790 0.000000
-247.679209 -16.694176 0.000000
-247.650895 -16.732408 0.000000
-247.626889 -16.777107 0.000000
-247.591528 -16.812529 0.000000
-247.564684 -16.856064 0.000000
-247.534589 -16.898346 0.000000
-247.498397 -16.932824 0.000000
-247.474283 -16.988827 0.000000
-247.437834 -17.025264 0.000000
-247.402583 -17.068796 0.000000
-247.368203 -17.116998 0.000000
-247.334068 -17.162778 0.000000
-247.300815 -17.215953 0.000000
-247.275073 -17.296114 0.000000
-247.250265 -17.390107 0.000000
-247.259990 -17.599653 0.000000
-247.613313 -18.965370 0.000000
-247.549306 -19.070535 0.000000
-247.484203 -19.191272 0.000000
-247.408529 -19.285704 0.000000
-247.347742 -19.475786 0.000000
-247.263063 -19.563389 0.000000
-247.150824 -19.521081 0.000000
-246.983198 -19.056748 0.000000
-246.889458 -19.035821 0.000000
-246.798817 -19.046194 0.000000
-246.708410 -19.028677 0.000000
-246.618702 -19.027917 0.000000
-246.530413 -19.032371 0.000000
-246.439832 -19.024625 0.000000
-246.351302 -19.038125 0.000000
-246.271042 -18.803807 0.000000
-246.184203 -18.852018 0.000000
-245.795701 -20.908327 0.000000
-245.671702 -20.837661 0.000000
-245.554219 -20.740701 0.000000
-245.441384 -20.637491 0.000000
-245.327852 -20.548494 0.000000
-245.209318 -20.501985 0.000000
-245.112459 -20.371914 0.000000
-244.995605 -20.332676 0.000000
-244.909786 -20.189986 0.000000
-244.803074 -20.128757 0.000000
-244.694733 -20.075743 0.000000
-244.596771 -19.992517 0.000000
-244.496629 -19.931821 0.000000
-244.400679 -19.856039 0.000000
-244.299657 -19.795077 0.000000
-244.195821 -19.741496 0.000000
-244.105895 -19.657564 0.000000
-244.014856 -19.585005 0.000000
-243.940331 -19.482106 0.000000
-243.812409 -19.474141 0.000000
-245.998113 -15.703175 0.000000
-246.012841 -15.647345 0.000000
-246.050745 -15.559188 0.000000
-246.052241 -15.532420 0.000000
-246.053439 -15.509770 0.000000
-246.053533 -15.483832 0.000000
-246.047842 -15.470216 0.000000
-246.043540 -15.456460 0.000000
-246.038608 -15.443109 0.000000
-246.031888 -15.431453 0.000000
-246.023845 -15.421241 0.000000
-246.016179 -15.411386 0.000000
-246.005389 -15.403228 0.000000
-245.992911 -15.396476 0.000000
-245.978641 -15.392224 0.000000
-245.173612 -15.821084 0.000000
-245.216766 -15.754886 0.000000
-245.299899 -15.669288 0.000000
-245.311535 -15.630030 0.000000
-245.289016 -15.608174 0.000000
-245.267214 -15.587408 0.000000
-245.244697 -15.567229 0.000000
-244.299195 -15.839243 0.000000
-244.358537 -15.764094 0.000000
-244.404141 -15.695401 0.000000
-244.450756 -15.631902 0.000000
-244.500974 -15.568011 0.000000
-244.538899 -15.512000 0.000000
-244.585040 -15.455891 0.000000
-244.623555 -15.403486 0.000000
-244.659713 -15.354759 0.000000
-244.694917 -15.306724 0.000000
-244.726723 -15.261598 0.000000
-244.757476 -15.218784 0.000000
-244.790845 -15.178249 0.000000
-245.731390 -14.839818 0.000000
-245.720312 -14.819226 0.000000
-245.672506 -14.789139 0.000000
-245.672807 -14.769752 0.000000
-245.642595 -14.741862 0.000000
-245.270658 -14.529191 0.000000
-245.286724 -14.505226 0.000000
-245.303724 -14.480796 0.000000
-245.321967 -14.457632 0.000000
-245.339467 -14.435138 0.000000
-245.353021 -14.410240 0.000000
-245.371834 -14.390457 0.000000
-245.383377 -14.363584 0.000000
-245.404381 -14.343554 0.000000
-245.419422 -14.320966 0.000000
-245.435556 -14.298305 0.000000
-245.452224 -14.274325 0.000000
-245.469164 -14.253096 0.000000
-245.483247 -14.230360 0.000000
-245.500148 -14.207155 0.000000
-245.516733 -14.184891 0.000000
-245.533968 -14.163551 0.000000
-245.550502 -14.138452 0.000000
-245.562703 -14.112909 0.000000
-245.584134 -14.093222 0.000000
-245.382742 -13.775138 0.000000
-245.676264 -14.071109 0.000000
-245.692391 -14.048095 0.000000
-245.686254 -13.995623 0.000000
-245.687024 -13.948422 0.000000
-245.706990 -13.921879 0.000000
-245.725411 -13.898066 0.000000
-245.743412 -13.871993 0.000000
-245.789059 -13.885830 0.000000
-245.883459 -13.995298 0.000000
-245.906701 -13.983686 0.000000
-245.938195 -13.984831 0.000000
-245.957998 -13.969502 0.000000
-245.979891 -13.955190 0.000000
-246.000968 -13.938315 0.000000
-246.024216 -13.922564 0.000000
-246.048339 -13.910352 0.000000
-246.068153 -13.891766 0.000000
-246.091071 -13.873812 0.000000
-246.064516 -13.433334 0.000000
