x y z
-210.160694 15.307216 0.000000
-210.242876 15.285925 0.000000
-210.283257 15.270760 0.000000
-210.325484 15.251245 0.000000
-210.359393 15.241732 0.000000
-210.394127 15.232633 0.000000
-210.593786 14.846525 0.000000
-210.617592 14.836042 0.000000
-210.640687 14.827707 0.000000
-210.659043 14.824094 0.000000
-210.679786 14.818218 0.000000
-210.698734 14.812395 0.000000
-210.718647 14.802765 0.000000
-210.771211 14.633947 0.000000
-210.786834 14.633186 0.000000
-210.801415 14.627033 0.000000
-210.814678 14.620561 0.000000
-210.829175 14.608016 0.000000
-210.843683 14.222287 0.000000
-210.861530 14.741771 0.000000
-210.876387 14.735569 0.000000
-210.893742 14.738831 0.000000
-210.909872 14.720934 0.000000
-210.942929 14.717891 0.000000
-210.957876 14.714723 0.000000
-210.974259 14.708850 0.000000
-210.988512 14.703098 0.000000
-211.003566 14.697576 0.000000
-211.020565 14.693192 0.000000
-211.033737 14.681464 0.000000
-211.050280 14.676118 0.000000
-211.064574 14.670910 0.000000
-211.081166 14.669284 0.000000
-211.100677 14.670377 0.000000
-211.797703 16.172765 0.000000
-211.862705 16.189065 0.000000
-211.918450 16.178563 0.000000
-211.962673 16.143649 0.000000
-212.019919 16.138119 0.000000
-212.068990 16.112879 0.000000
-212.124690 16.097966 0.000000
-212.183229 16.086004 0.000000
-212.233524 16.062745 0.000000
-212.286565 16.037890 0.000000
-212.337408 16.012740 0.000000
-212.397708 15.999902 0.000000
-212.449587 15.971717 0.000000
-212.507262 15.952660 0.000000
-212.560632 15.922036 0.000000
-212.627245 15.909677 0.000000
-212.735661 15.938290 0.000000
-212.748261 15.864331 0.000000
-212.814470 15.844456 0.000000
-212.867058 15.810476 0.000000
-212.937367 15.789494 0.000000
-213.009698 15.767834 0.000000
-213.064722 15.732391 0.000000
-213.157142 15.722335 0.000000
-213.211590 15.680906 0.000000
-213.300415 15.662371 0.000000
-213.371237 15.629012 0.000000
-213.467645 15.608060 0.000000
-213.554625 15.578968 0.000000
-213.830711 15.652720 0.000000
-213.977723 15.642357 0.000000
-214.039172 15.584684 0.000000
-214.167142 15.556547 0.000000
-214.241424 15.500929 0.000000
-214.358228 15.459611 0.000000
-214.454165 15.403551 0.000000
-214.457996 15.312010 0.000000
-214.528889 15.245462 0.000000
-215.073942 15.327448 0.000000
-215.052902 15.218637 0.000000
-215.116951 15.133428 0.000000
-215.122137 15.033433 0.000000
-215.093039 14.924348 0.000000
-215.037475 14.814905 0.000000
-214.982109 14.707706 0.000000
-214.978009 14.611399 0.000000
-214.914505 14.509588 0.000000
-214.885723 14.411363 0.000000
-214.843635 14.317178 0.000000
-214.820678 14.225200 0.000000
-214.765158 14.133328 0.000000
-214.745048 14.045622 0.000000
-214.724495 13.957793 0.000000
-214.670009 13.871911 0.000000
-214.646369 13.786691 0.000000
-214.595431 13.704403 0.000000
-214.605948 13.618051 0.000000
-214.545742 13.539427 0.000000
-214.528630 13.457901 0.000000
-214.464034 13.382469 0.000000
-214.431543 13.304311 0.000000
-214.387541 13.231442 0.000000
-214.420228 13.139667 0.000000
-214.360326 13.069523 0.000000
-214.331818 12.992335 0.000000
-214.309761 12.913455 0.000000
-214.288071 12.834350 0.000000
-214.250000 12.760902 0.000000
-214.197092 12.695793 0.000000
-214.197812 12.604637 0.000000
-214.134530 12.542908 0.000000
-214.477000 12.298629 0.000000
-212.776145 13.017056 0.000000
-212.573892 13.064602 0.000000
-212.562234 13.021961 0.000000
-212.542894 12.981372 0.000000
-212.532690 12.933684 0.000000
-212.520610 12.889627 0.000000
-212.500171 12.847816 0.000000
-212.477933 12.808290 0.000000
-212.468013 12.759343 0.000000
-212.451805 12.714101 0.000000
-212.428836 12.672042 0.000000
-212.416012 12.621554 0.000000
-212.394123 12.580109 0.000000
-212.377863 12.530366 0.000000
-212.358980 12.480154 0.000000
-212.334290 12.437012 0.000000
-212.324228 12.380926 0.000000
-212.296879 12.336451 0.000000
-212.278315 12.283540 0.000000
-212.249879 12.237785 0.000000
-212.228971 12.183185 0.000000
-212.218763 12.114229 0.000000
-212.212784 12.032364 0.000000
-212.216511 11.933688 0.000000
-212.274870 11.744519 0.000000
-213.020474 10.459060 0.000000
-212.962637 10.373980 0.000000
-212.907379 10.280378 0.000000
-212.866697 10.156954 0.000000
-212.849543 9.978505 0.000000
-212.800130 9.851731 0.000000
-212.685974 9.854700 0.000000
-212.400070 10.260129 0.000000
-212.318908 10.221728 0.000000
-212.229561 10.201326 0.000000
-212.138162 10.188457 0.000000
-212.041005 10.192415 0.000000
-211.965881 10.135727 0.000000
-211.876947 10.123656 0.000000
-211.778608 10.142185 0.000000
-211.649736 10.303322 0.000000
-211.574254 10.255290 0.000000
-211.891009 8.122901 0.000000
-211.749973 8.149043 0.000000
-211.613542 8.181203 0.000000
-211.468737 8.277741 0.000000
-211.334824 8.328651 0.000000
-211.206280 8.387115 0.000000
-211.077906 8.376748 0.000000
-210.950624 8.436628 0.000000
-210.827564 8.525864 0.000000
-210.707694 8.574038 0.000000
-210.587561 8.637676 0.000000
-210.469085 8.662937 0.000000
-210.356058 8.708494 0.000000
-210.239437 8.746453 0.000000
-210.128731 8.798744 0.000000
-210.012761 8.815262 0.000000
-209.901672 8.859726 0.000000
-209.793951 8.908241 0.000000
-209.680512 8.932218 0.000000
-209.585540 9.031300 0.000000
-210.558753 13.212606 0.000000
-210.602626 13.416823 0.000000
-210.592605 13.433906 0.000000
-210.584899 13.449920 0.000000
-210.576904 13.467481 0.000000
-210.569489 13.479368 0.000000
-210.558990 13.489147 0.000000
-210.549165 13.495845 0.000000
-210.538010 13.501276 0.000000
-210.525788 13.507066 0.000000
-210.512120 13.508549 0.000000
-210.492009 13.498744 0.000000
-210.478093 13.501017 0.000000
-210.446349 13.473381 0.000000
-209.777622 12.818781 0.000000
-209.793455 12.888252 0.000000
-209.778834 12.920873 0.000000
-209.870711 13.063727 0.000000
-209.880376 13.114498 0.000000
-209.853636 13.129809 0.000000
-209.826293 13.143777 0.000000
-209.802994 13.161285 0.000000
-208.955754 12.635872 0.000000
-208.985649 12.720875 0.000000
-209.016977 12.802807 0.000000
-209.053365 12.882725 0.000000
-209.081619 12.954560 0.000000
-209.102160 13.019421 0.000000
-209.124829 13.081048 0.000000
-209.156012 13.146306 0.000000
-209.172592 13.199926 0.000000
-209.192438 13.255843 0.000000
-209.216525 13.308900 0.000000
-209.229339 13.356860 0.000000
-209.245606 13.404661 0.000000
-209.448864 13.518053 0.000000
-209.946727 13.981498 0.000000
-210.066960 14.002111 0.000000
-210.004119 14.020255 0.000000
-209.999692 14.038550 0.000000
-209.967128 14.057462 0.000000
-209.547990 14.162339 0.000000
-209.554104 14.188783 0.000000
-209.565996 14.215864 0.000000
-209.577232 14.245208 0.000000
-209.582940 14.272752 0.000000
-209.596703 14.298996 0.000000
-209.610840 14.324104 0.000000
-209.618547 14.350822 0.000000
-209.626479 14.377837 0.000000
-209.633979 14.403964 0.000000
-209.643696 14.429332 0.000000
-209.653853 14.454880 0.000000
-209.660869 14.483620 0.000000
-209.674668 14.506907 0.000000
-209.680059 14.535598 0.000000
-209.693233 14.561097 0.000000
-209.704691 14.585181 0.000000
-209.711635 14.613848 0.000000
-209.719175 14.641780 0.000000
-209.730835 14.667131 0.000000
-209.742977 14.694851 0.000000
-209.771303 14.709145 0.000000
-209.815303 14.713771 0.000000
-209.827476 14.737320 0.000000
-209.835769 14.766351 0.000000
-209.797994 14.832063 0.000000
-209.806344 14.862772 0.000000
-209.816728 14.892944 0.000000
-209.827817 14.922198 0.000000
-209.841737 14.950950 0.000000
-209.989210 14.846731 0.000000
-210.013885 14.859951 0.000000
-210.039378 14.872724 0.000000
-210.058351 14.889300 0.000000
-210.075147 14.910163 0.000000
-210.098727 14.922578 0.000000
-210.111363 14.948560 0.000000
-210.131153 14.967582 0.000000
-210.147200 14.988477 0.000000
-210.161080 15.017152 0.000000
-210.174071 15.044877 0.000000
-210.022166 15.422979 0.000000
