x y z
-213.343171 13.453587 0.000000
-213.383380 13.442026 0.000000
-213.428339 13.421908 0.000000
-213.468298 13.408107 0.000000
-213.505901 13.396115 0.000000
-213.541395 13.382400 0.000000
-213.575549 13.374400 0.000000
-213.767254 12.977623 0.000000
-213.792730 12.962592 0.000000
-213.812638 12.952107 0.000000
-213.833469 12.949994 0.000000
-213.854045 12.940805 0.000000
-213.874666 12.930423 0.000000
-213.892576 12.924120 0.000000
-213.911121 12.919996 0.000000
-213.941175 12.755028 0.000000
-213.956003 12.748352 0.000000
-213.970535 12.743088 0.000000
-213.985649 12.736716 0.000000
-213.998353 12.737622 0.000000
-213.999195 12.318700 0.000000
-214.049499 12.854081 0.000000
-214.067252 12.855831 0.000000
-214.082427 12.849490 0.000000
-214.114220 12.834177 0.000000
-214.130507 12.827747 0.000000
-214.144950 12.822662 0.000000
-214.160361 12.818276 0.000000
-214.175779 12.811170 0.000000
-214.190942 12.804269 0.000000
-214.206941 12.796405 0.000000
-214.221728 12.791756 0.000000
-214.237806 12.785957 0.000000
-214.250326 12.779356 0.000000
-214.268754 12.777175 0.000000
-215.122020 14.258119 0.000000
-215.169978 14.236123 0.000000
-215.224505 14.220826 0.000000
-215.279520 14.203788 0.000000
-215.331345 14.183161 0.000000
-215.376932 14.153839 0.000000
-215.434590 14.138699 0.000000
-215.487243 14.117653 0.000000
-215.539117 14.091239 0.000000
-215.589400 14.063177 0.000000
-215.644569 14.042118 0.000000
-215.709063 14.026837 0.000000
-215.761985 13.998346 0.000000
-215.821935 13.976914 0.000000
-215.864993 13.936605 0.000000
-215.936650 13.922346 0.000000
-215.992676 13.894748 0.000000
-216.057993 13.869723 0.000000
-216.126465 13.848166 0.000000
-216.199683 13.826120 0.000000
-216.253356 13.788254 0.000000
-216.339228 13.771759 0.000000
-216.402581 13.737023 0.000000
-216.475452 13.707541 0.000000
-216.554595 13.677593 0.000000
-216.634733 13.646492 0.000000
-216.720855 13.614962 0.000000
-217.011946 13.690482 0.000000
-217.216253 13.707269 0.000000
-217.193916 13.606553 0.000000
-217.294381 13.563498 0.000000
-217.410543 13.524352 0.000000
-217.596766 13.415259 0.000000
-217.678747 13.352735 0.000000
-217.717283 13.272954 0.000000
-217.758430 13.193303 0.000000
-218.247373 13.233482 0.000000
-218.266290 13.136178 0.000000
-218.331643 13.049033 0.000000
-218.291894 12.942143 0.000000
-218.231641 12.829610 0.000000
-218.179179 12.725342 0.000000
-218.151661 12.625966 0.000000
-218.091616 12.526239 0.000000
-218.052682 12.427888 0.000000
-218.019990 12.335334 0.000000
-217.978513 12.243062 0.000000
-217.957460 12.152993 0.000000
-217.894176 12.066555 0.000000
-217.875706 11.979213 0.000000
-217.855244 11.891613 0.000000
-217.805332 11.809156 0.000000
-217.748121 11.728315 0.000000
-217.715541 11.646624 0.000000
-217.686653 11.565399 0.000000
-217.661366 11.485364 0.000000
-217.639873 11.403042 0.000000
-217.596484 11.326746 0.000000
-217.558091 11.251501 0.000000
-217.530005 11.174455 0.000000
-217.470472 11.106763 0.000000
-217.436577 11.030822 0.000000
-217.440074 10.944896 0.000000
-217.413127 10.867432 0.000000
-217.380023 10.792301 0.000000
-217.348904 10.717618 0.000000
-217.309341 10.645559 0.000000
-217.256881 10.580949 0.000000
-217.495340 10.375508 0.000000
-216.216158 10.930557 0.000000
-215.729328 11.129612 0.000000
-215.687617 11.100399 0.000000
-215.670757 11.058278 0.000000
-215.662615 11.010754 0.000000
-215.633864 10.975548 0.000000
-215.621813 10.929340 0.000000
-215.604722 10.885955 0.000000
-215.577999 10.850118 0.000000
-215.565107 10.800746 0.000000
-215.547542 10.756355 0.000000
-215.523375 10.715423 0.000000
-215.502001 10.671311 0.000000
-215.484756 10.624686 0.000000
-215.463245 10.576986 0.000000
-215.446417 10.525598 0.000000
-215.434949 10.471004 0.000000
-215.407895 10.424993 0.000000
-215.382174 10.381882 0.000000
-215.367010 10.318134 0.000000
-215.336500 10.274942 0.000000
-215.314803 10.220354 0.000000
-215.302862 10.146756 0.000000
-215.298006 10.059106 0.000000
-216.011446 8.486310 0.000000
-215.970708 8.367699 0.000000
-215.909851 8.280356 0.000000
-215.880115 8.120373 0.000000
-215.845297 7.963394 0.000000
-215.797841 7.818460 0.000000
-215.672533 7.850424 0.000000
-215.395528 8.289678 0.000000
-215.300397 8.285262 0.000000
-215.207941 8.269418 0.000000
-215.115845 8.262172 0.000000
-215.026762 8.251378 0.000000
-214.945108 8.204523 0.000000
-214.862473 8.166715 0.000000
-214.734916 8.333511 0.000000
-214.634963 8.401564 0.000000
-214.562386 8.334202 0.000000
-214.778612 6.205234 0.000000
-214.642940 6.218019 0.000000
-214.503466 6.285433 0.000000
-214.365123 6.387769 0.000000
-214.235388 6.447199 0.000000
-214.106909 6.510994 0.000000
-213.981397 6.584669 0.000000
-213.856592 6.600158 0.000000
-213.739731 6.684965 0.000000
-213.619080 6.724334 0.000000
-213.502517 6.760388 0.000000
-213.391632 6.838219 0.000000
-213.271468 6.833962 0.000000
-213.163637 6.915723 0.000000
-213.054369 6.972801 0.000000
-212.938721 6.989493 0.000000
-212.843144 7.097358 0.000000
-212.720528 7.079957 0.000000
-212.608396 7.098356 0.000000
-212.519164 7.206397 0.000000
-213.691524 11.329589 0.000000
-213.722804 11.477256 0.000000
-213.731811 11.552730 0.000000
-213.723103 11.565682 0.000000
-213.719000 11.587290 0.000000
-213.710523 11.599667 0.000000
-213.701043 11.612059 0.000000
-213.690732 11.621030 0.000000
-213.681580 11.625355 0.000000
-213.670135 11.631574 0.000000
-213.656824 11.636082 0.000000
-213.641348 11.634906 0.000000
-213.622809 11.630393 0.000000
-213.599872 11.617342 0.000000
-213.431833 11.469518 0.000000
-211.647242 9.424799 0.000000
-211.956617 9.893636 0.000000
-212.882591 10.986908 0.000000
-212.865407 11.017796 0.000000
-212.960709 11.161123 0.000000
-213.017083 11.256248 0.000000
-212.994004 11.274436 0.000000
-212.968659 11.289716 0.000000
-212.942810 11.303785 0.000000
-212.912813 11.318470 0.000000
-212.079421 10.855442 0.000000
-212.116288 10.939509 0.000000
-212.151122 11.017649 0.000000
-212.183170 11.091861 0.000000
-212.209808 11.158527 0.000000
-212.246496 11.228180 0.000000
-212.267422 11.287496 0.000000
-212.286698 11.342696 0.000000
-212.315947 11.401825 0.000000
-212.336010 11.453704 0.000000
-212.355153 11.502892 0.000000
-212.375736 11.549941 0.000000
-212.387052 11.594230 0.000000
-213.216603 12.136290 0.000000
-213.203101 12.153351 0.000000
-213.172134 12.173480 0.000000
-213.150351 12.191051 0.000000
-213.116573 12.213288 0.000000
-212.708187 12.334660 0.000000
-212.718292 12.362396 0.000000
-212.732237 12.390468 0.000000
-212.745983 12.415756 0.000000
-212.758615 12.440313 0.000000
-212.764314 12.468449 0.000000
-212.774136 12.495019 0.000000
-212.786198 12.520752 0.000000
-212.795879 12.545421 0.000000
-212.805775 12.571810 0.000000
-212.816993 12.598404 0.000000
-212.827705 12.622250 0.000000
-212.838357 12.648760 0.000000
-212.848805 12.675085 0.000000
-212.858084 12.699458 0.000000
-212.871464 12.724430 0.000000
-212.883137 12.751637 0.000000
-212.890819 12.778709 0.000000
-212.903294 12.804289 0.000000
-212.910852 12.831751 0.000000
-212.995290 12.874014 0.000000
-213.008541 12.898796 0.000000
-212.968422 12.967173 0.000000
-212.985430 12.993269 0.000000
-212.994290 13.023890 0.000000
-213.008789 13.051894 0.000000
-213.019439 13.082883 0.000000
-213.160846 12.980257 0.000000
-213.181831 12.994493 0.000000
-213.210334 13.003577 0.000000
-213.229628 13.021740 0.000000
-213.249920 13.037709 0.000000
-213.273264 13.049008 0.000000
-213.283305 13.077777 0.000000
-213.305625 13.093085 0.000000
-213.321291 13.117055 0.000000
-213.339734 13.136193 0.000000
-213.353058 13.166752 0.000000
-213.229987 13.582278 0.000000
