x y z
-180.560348 28.054524 0.000000
-180.603561 28.049374 0.000000
-180.692580 28.035272 0.000000
-180.733097 28.030538 0.000000
-180.772654 28.025829 0.000000
-180.810532 28.022482 0.000000
-181.084185 27.684056 0.000000
-181.110983 27.675634 0.000000
-181.135856 27.668293 0.000000
-181.151434 27.681502 0.000000
-181.177953 27.667644 0.000000
-181.198926 27.662470 0.000000
-181.221057 27.655679 0.000000
-181.240440 27.655956 0.000000
-181.303909 27.505850 0.000000
-181.319222 27.504882 0.000000
-181.336521 27.501193 0.000000
-181.351547 27.499195 0.000000
-181.366122 27.495518 0.000000
-181.390165 27.623079 0.000000
-181.405634 27.628388 0.000000
-181.422884 27.627968 0.000000
-181.440250 27.623154 0.000000
-181.456732 27.619676 0.000000
-181.472849 27.621085 0.000000
-181.488125 27.618161 0.000000
-181.504859 27.614353 0.000000
-181.521030 27.613200 0.000000
-181.538800 27.609787 0.000000
-181.553522 27.606779 0.000000
-181.569297 27.603069 0.000000
-181.585810 27.599386 0.000000
-181.601675 27.597964 0.000000
-181.617884 27.598926 0.000000
-182.114183 29.239227 0.000000
-182.170306 29.233916 0.000000
-182.222736 29.224281 0.000000
-182.276801 29.210235 0.000000
-182.332913 29.205021 0.000000
-182.387331 29.191932 0.000000
-182.445922 29.189579 0.000000
-182.502003 29.177720 0.000000
-182.556149 29.163739 0.000000
-182.613205 29.151437 0.000000
-182.673705 29.147206 0.000000
-182.730918 29.124820 0.000000
-182.796161 29.122155 0.000000
-182.861907 29.117682 0.000000
-182.919790 29.101280 0.000000
-182.983154 29.090221 0.000000
-183.047182 29.076804 0.000000
-183.115865 29.067613 0.000000
-183.177828 29.048650 0.000000
-183.257590 29.050883 0.000000
-183.325267 29.030813 0.000000
-183.409371 29.031667 0.000000
-183.477137 29.010375 0.000000
-183.557472 29.001060 0.000000
-183.643612 28.992063 0.000000
-183.722702 28.971981 0.000000
-183.810188 28.960096 0.000000
-184.063288 29.085830 0.000000
-184.279067 29.165761 0.000000
-184.282677 29.064833 0.000000
-184.389471 29.048658 0.000000
-184.502297 29.030261 0.000000
-184.714168 28.970406 0.000000
-184.779468 28.909283 0.000000
-184.863087 28.860088 0.000000
-184.893151 28.776379 0.000000
-185.410282 28.954650 0.000000
-185.418160 28.846042 0.000000
-185.536078 28.795284 0.000000
-185.514375 28.674427 0.000000
-185.472247 28.549713 0.000000
-185.446817 28.434454 0.000000
-185.425289 28.327447 0.000000
-185.399029 28.217866 0.000000
-185.395415 28.120635 0.000000
-185.391981 28.022644 0.000000
-185.365038 27.922093 0.000000
-185.332932 27.821532 0.000000
-185.319044 27.726398 0.000000
-185.322019 27.637228 0.000000
-185.296334 27.543740 0.000000
-185.287698 27.454682 0.000000
-185.248732 27.362736 0.000000
-185.238169 27.276031 0.000000
-185.229449 27.189323 0.000000
-185.225297 27.106683 0.000000
-185.184511 27.018984 0.000000
-185.173168 26.935740 0.000000
-185.172479 26.854995 0.000000
-185.124961 26.772616 0.000000
-185.148139 26.690588 0.000000
-185.134483 26.609068 0.000000
-185.119370 26.529033 0.000000
-185.111460 26.446456 0.000000
-185.094892 26.366032 0.000000
-185.064293 26.290166 0.000000
-185.084090 26.203632 0.000000
-185.056914 26.128444 0.000000
-185.094927 26.036506 0.000000
-185.411571 25.872738 0.000000
-183.379585 26.288299 0.000000
-183.372016 26.243728 0.000000
-183.361758 26.199793 0.000000
-183.365774 26.151876 0.000000
-183.354354 26.106313 0.000000
-183.346390 26.061939 0.000000
-183.331887 26.016398 0.000000
-183.329905 25.968771 0.000000
-183.313922 25.924923 0.000000
-183.307210 25.875690 0.000000
-183.303467 25.825157 0.000000
-183.287734 25.779413 0.000000
-183.284989 25.724840 0.000000
-183.276079 25.675078 0.000000
-183.258478 25.623791 0.000000
-183.258512 25.566071 0.000000
-183.238337 25.519761 0.000000
-183.233915 25.459255 0.000000
-183.223094 25.402948 0.000000
-183.220757 25.337500 0.000000
-183.217469 25.270430 0.000000
-183.229511 25.185932 0.000000
-184.288074 23.801466 0.000000
-184.264462 23.688458 0.000000
-184.226048 23.586537 0.000000
-184.218466 23.444093 0.000000
-184.231694 23.266637 0.000000
-184.197140 23.143539 0.000000
-184.093189 23.111865 0.000000
-183.702629 23.509374 0.000000
-183.637076 23.445912 0.000000
-183.542542 23.429160 0.000000
-183.447016 23.415006 0.000000
-183.383310 23.349882 0.000000
-183.288134 23.338730 0.000000
-183.224507 23.268441 0.000000
-183.096569 23.332224 0.000000
-182.961743 23.421965 0.000000
-182.923107 23.292874 0.000000
-183.603494 21.288210 0.000000
-183.457652 21.308513 0.000000
-183.320208 21.302767 0.000000
-183.149789 21.410308 0.000000
-183.009571 21.441706 0.000000
-182.877858 21.446203 0.000000
-182.746438 21.450096 0.000000
-182.619258 21.448642 0.000000
-182.488955 21.477943 0.000000
-182.359617 21.506628 0.000000
-182.226511 21.577476 0.000000
-182.102660 21.604381 0.000000
-181.983660 21.615379 0.000000
-181.864432 21.623456 0.000000
-181.745952 21.631725 0.000000
-181.627510 21.660399 0.000000
-181.510565 21.681228 0.000000
-181.394589 21.701915 0.000000
-181.280676 21.717381 0.000000
-181.169742 21.774778 0.000000
-181.383663 26.054802 0.000000
-181.365061 26.064568 0.000000
-181.372850 26.280983 0.000000
-181.362820 26.294167 0.000000
-181.350475 26.314231 0.000000
-181.340819 26.323577 0.000000
-181.329930 26.333224 0.000000
-181.317874 26.339353 0.000000
-181.305875 26.344222 0.000000
-181.293595 26.347124 0.000000
-181.280130 26.349156 0.000000
-181.266243 26.345258 0.000000
-181.249907 26.335861 0.000000
-181.233652 26.328583 0.000000
-181.107617 26.153513 0.000000
-179.823378 23.745059 0.000000
-181.003087 26.074812 0.000000
-180.999241 26.109427 0.000000
-180.984876 26.124950 0.000000
-180.966741 26.132720 0.000000
-180.934899 26.123136 0.000000
-180.660937 25.865821 0.000000
-180.631175 25.874969 0.000000
-179.914861 25.230108 0.000000
-179.930300 25.318023 0.000000
-179.947207 25.403595 0.000000
-179.958916 25.479930 0.000000
-179.974212 25.555786 0.000000
-179.982826 25.623032 0.000000
-179.999423 25.692446 0.000000
-180.008832 25.754402 0.000000
-180.023980 25.816173 0.000000
-180.031703 25.871858 0.000000
-180.041358 25.925031 0.000000
-180.051307 25.977513 0.000000
-180.057515 26.026326 0.000000
-180.744523 26.739223 0.000000
-180.727138 26.753680 0.000000
-180.676608 26.760840 0.000000
-180.666099 26.778297 0.000000
-180.631674 26.790637 0.000000
-180.199393 26.817816 0.000000
-180.206582 26.845134 0.000000
-180.210338 26.874498 0.000000
-180.213756 26.902656 0.000000
-180.221103 26.931895 0.000000
-180.227727 26.958506 0.000000
-180.230076 26.986967 0.000000
-180.232930 27.014009 0.000000
-180.238531 27.042066 0.000000
-180.241245 27.068417 0.000000
-180.245179 27.097025 0.000000
-180.247531 27.123223 0.000000
-180.251714 27.150534 0.000000
-180.257477 27.178595 0.000000
-180.263620 27.205544 0.000000
-180.269882 27.232507 0.000000
-180.272901 27.261288 0.000000
-180.277792 27.289708 0.000000
-180.280884 27.317166 0.000000
-180.285452 27.345465 0.000000
-180.330764 27.390293 0.000000
-180.359013 27.407469 0.000000
-180.366294 27.434989 0.000000
-180.312382 27.491976 0.000000
-180.321350 27.520112 0.000000
-180.323626 27.552878 0.000000
-180.332057 27.583908 0.000000
-180.337586 27.615129 0.000000
-180.498120 27.547283 0.000000
-180.512917 27.567557 0.000000
-180.535314 27.583326 0.000000
-180.554005 27.603555 0.000000
-180.569404 27.623887 0.000000
-180.582810 27.646416 0.000000
-180.593710 27.670169 0.000000
-180.606592 27.695627 0.000000
-180.625200 27.714600 0.000000
-180.633239 27.743042 0.000000
-180.646297 27.769946 0.000000
-180.426813 28.149687 0.000000
