x y z
1.785096 -2.676967 0.000000
1.793843 -2.592220 0.000000
1.173633 -1.812297 0.000000
1.171407 -1.754561 0.000000
1.206458 -1.736433 0.000000
1.249542 -1.726411 0.000000
1.287793 -1.713080 0.000000
1.327999 -1.695989 0.000000
1.369943 -1.681678 0.000000
1.415493 -1.669556 0.000000
1.440319 -1.639580 0.000000
1.419848 -1.574378 0.000000
1.392012 -1.507152 0.000000
1.370752 -1.449158 0.000000
1.350420 -1.392815 0.000000
1.328466 -1.339948 0.000000
1.313887 -1.290754 0.000000
1.290961 -1.242640 0.000000
1.274666 -1.196499 0.000000
1.259374 -1.153918 0.000000
1.243269 -1.112566 0.000000
1.228427 -1.074081 0.000000
1.213012 -1.035223 0.000000
1.199620 -0.999628 0.000000
1.207096 -0.972058 0.000000
1.200897 -0.941626 0.000000
1.199455 -0.911541 0.000000
1.173289 -0.875557 0.000000
1.160290 -0.846101 0.000000
1.147892 -0.816023 0.000000
1.132582 -0.787171 0.000000
1.123120 -0.759356 0.000000
1.111881 -0.730999 0.000000
1.099602 -0.703836 0.000000
1.092657 -0.677677 0.000000
1.081823 -0.651934 0.000000
1.072359 -0.627159 0.000000
1.062562 -0.603152 0.000000
1.053973 -0.579647 0.000000
1.046363 -0.557099 0.000000
1.035001 -0.534423 0.000000
1.029887 -0.511920 0.000000
1.021493 -0.489281 0.000000
1.012030 -0.468968 0.000000
1.005015 -0.447601 0.000000
0.995278 -0.426541 0.000000
0.768021 -0.435473 0.000000
0.766065 -0.418973 0.000000
0.756468 -0.401951 0.000000
0.754500 -0.386551 0.000000
0.745035 -0.369434 0.000000
0.737822 -0.355520 0.000000
0.734761 -0.340025 0.000000
0.727784 -0.322536 0.000000
0.720789 -0.308575 0.000000
0.715807 -0.292393 0.000000
0.710061 -0.275364 0.000000
0.705869 -0.259822 0.000000
0.699221 -0.243953 0.000000
0.696695 -0.227157 0.000000
0.690751 -0.212123 0.000000
0.683557 -0.196041 0.000000
0.678885 -0.179138 0.000000
0.674006 -0.162619 0.000000
0.668636 -0.146932 0.000000
0.668744 -0.127898 0.000000
0.662438 -0.110718 0.000000
0.713569 0.298961 0.000000
0.704396 0.326579 0.000000
0.694687 0.355189 0.000000
0.686634 0.387478 0.000000
0.675643 0.415963 0.000000
0.663434 0.446972 0.000000
0.652235 0.477533 0.000000
0.639147 0.508574 0.000000
0.628670 0.544075 0.000000
0.614206 0.577375 0.000000
0.601633 0.615184 0.000000
0.585740 0.651402 0.000000
0.572589 0.693066 0.000000
0.557646 0.732112 0.000000
0.603740 0.929190 0.000000
0.495724 0.746346 0.000000
0.474794 0.779160 0.000000
0.487821 0.918806 0.000000
0.468181 0.967664 0.000000
0.447272 1.027052 0.000000
0.423597 1.082980 0.000000
0.353796 0.951420 0.000000
0.304695 0.890176 0.000000
0.274045 0.897651 0.000000
0.246040 0.936668 0.000000
0.213588 0.946775 0.000000
0.183796 0.984267 0.000000
0.153113 1.018848 0.000000
0.080608 1.991291 0.000000
0.023018 2.130784 0.000000
-0.039855 2.295434 0.000000
-0.109223 2.479341 0.000000
-0.189541 2.694625 0.000000
-0.269505 2.804458 0.000000
-0.378702 3.120638 0.000000
-0.478010 3.249536 0.000000
-0.559695 3.222062 0.000000
-0.643152 3.196426 0.000000
-0.283141 0.873612 0.000000
-0.311635 0.851408 0.000000
-0.334736 0.814079 0.000000
-0.365414 0.800115 0.000000
-0.394744 0.790451 0.000000
-0.425612 0.784309 0.000000
-0.453875 0.768015 0.000000
-0.485269 0.762856 0.000000
-0.513410 0.750994 0.000000
-0.538462 0.731034 0.000000
-0.568549 0.722046 0.000000
-0.602021 0.718713 0.000000
-0.633115 0.711317 0.000000
-0.664514 0.702138 0.000000
-0.694277 0.691057 0.000000
-0.724219 0.679075 0.000000
-0.776213 0.701717 0.000000
-1.907268 2.140950 0.000000
-1.985176 2.121241 0.000000
-2.054377 2.088164 0.000000
-2.131325 2.066299 0.000000
-2.195897 2.024970 0.000000
-2.279507 2.005596 0.000000
-2.351551 1.969804 0.000000
-2.438717 1.949349 0.000000
-2.512932 1.914719 0.000000
-2.597922 1.884441 0.000000
-2.669014 1.844511 0.000000
-2.749046 1.808132 0.000000
-2.866297 1.800105 0.000000
-2.932532 1.747356 0.000000
-3.020502 1.707186 0.000000
-3.132379 1.685341 0.000000
-3.213699 1.637268 0.000000
-3.810947 1.924622 0.000000
-3.955094 1.895170 0.000000
-4.057319 1.834075 0.000000
-4.189802 1.789950 0.000000
-4.130885 1.636733 0.000000
-4.096774 1.502150 0.000000
-4.148902 1.412926 0.000000
-4.194929 1.321918 0.000000
-4.251641 1.235174 0.000000
-4.823565 1.354138 0.000000
-4.741872 1.199744 0.000000
-4.869448 1.128148 0.000000
-4.771046 0.975110 0.000000
-4.738782 0.848226 0.000000
-4.702920 0.724852 0.000000
-4.625147 0.594096 0.000000
-4.582035 0.474690 0.000000
-4.549417 0.360518 0.000000
-4.524850 0.250265 0.000000
-4.490853 0.143036 0.000000
-4.419502 0.030542 0.000000
-4.392381 -0.073199 0.000000
-4.377447 -0.172933 0.000000
-4.304222 -0.276667 0.000000
-4.274304 -0.374938 0.000000
-4.224899 -0.470935 0.000000
-4.158874 -0.565788 0.000000
-4.134224 -0.659787 0.000000
-4.128104 -0.750227 0.000000
-4.086268 -0.839301 0.000000
-4.052992 -0.933155 0.000000
-3.993870 -1.017336 0.000000
-2.306738 -0.889037 0.000000
-2.262082 -0.934945 0.000000
-2.238917 -0.983195 0.000000
-2.221349 -1.031983 0.000000
-2.209164 -1.082338 0.000000
-2.196642 -1.131298 0.000000
-0.154202 -0.634726 0.000000
-0.139522 -0.632763 0.000000
-0.125547 -0.631981 0.000000
-0.117736 -0.631962 0.000000
-0.113278 -0.633452 0.000000
-0.110364 -0.635611 0.000000
-0.108256 -0.638225 0.000000
-0.106963 -0.641281 0.000000
-0.104741 -0.643799 0.000000
-0.103109 -0.646652 0.000000
-0.101791 -0.649800 0.000000
-0.101213 -0.653505 0.000000
-0.113435 -0.680661 0.000000
-0.161764 -0.793606 0.000000
-1.997735 -3.712894 0.000000
-1.937107 -3.770224 0.000000
-1.861379 -3.805075 0.000000
-1.740182 -3.758695 0.000000
-1.671500 -3.803435 0.000000
-1.643239 -3.926281 0.000000
-1.505989 -3.835205 0.000000
-1.406354 -3.804295 0.000000
-1.291387 -3.738330 0.000000
-1.251202 -3.839482 0.000000
-1.981523 -6.036433 0.000000
-1.813012 -5.950595 0.000000
-1.672784 -5.923940 0.000000
-1.523191 -5.859849 0.000000
-1.385476 -5.810841 0.000000
-1.237035 -5.714870 0.000000
-1.101890 -5.679166 0.000000
-0.971642 -5.630840 0.000000
-0.852682 -5.612311 0.000000
-0.719449 -5.496281 0.000000
-0.604685 -5.478074 0.000000
-0.488672 -5.433846 0.000000
-0.375002 -5.371361 0.000000
-0.263940 -5.343356 0.000000
-0.155544 -5.274986 0.000000
-0.051044 -5.253692 0.000000
0.055021 -5.236073 0.000000
0.155538 -5.143175 0.000000
0.256754 -5.116254 0.000000
0.356046 -5.093185 0.000000
0.456531 -5.063990 0.000000
0.551617 -5.028050 0.000000
0.649360 -5.009748 0.000000
0.741932 -4.946239 0.000000
0.834996 -4.910034 0.000000
0.928671 -4.880672 0.000000
1.022244 -4.852707 0.000000
1.106275 -4.783927 0.000000
1.194660 -4.742514 0.000000
1.296318 -4.742912 0.000000
1.374491 -4.671654 0.000000
1.466046 -4.640314 0.000000
1.559809 -4.614647 0.000000
1.648382 -4.578233 0.000000
1.737982 -4.544245 0.000000
1.828056 -4.507991 0.000000
1.916956 -4.471566 0.000000
2.029666 -4.480960 0.000000
1.704144 -3.665121 0.000000
1.445826 -3.045455 0.000000
1.378648 -2.806446 0.000000
1.437019 -2.790206 0.000000
1.497462 -2.774359 0.000000
1.552639 -2.754496 0.000000
1.610150 -2.734229 0.000000
1.665455 -2.706184 0.000000
1.716008 -2.677307 0.000000
