x y z
-1.468138 -1.549002 0.000000
-1.456784 -1.549084 0.000000
-1.445211 -1.548537 0.000000
-1.433808 -1.551687 0.000000
-1.421444 -1.557971 0.000000
-1.405029 -1.574527 0.000000
-1.339034 -1.730183 0.000000
-1.320272 -1.737362 0.000000
-1.308827 -1.720053 0.000000
-1.299805 -1.703376 0.000000
-1.290312 -1.690244 0.000000
-1.275476 -1.685196 0.000000
-1.487057 -1.249966 0.000000
-1.483929 -1.247676 0.000000
-1.481823 -1.245821 0.000000
-1.480107 -1.244590 0.000000
-1.477707 -1.241601 0.000000
-1.477682 -1.241576 0.000000
0.147653 -2.923262 0.000000
-1.199680 -1.406171 0.000000
-1.190360 -1.398203 0.000000
-1.178618 -1.392860 0.000000
-1.168730 -1.384260 0.000000
-1.143560 -1.385052 0.000000
-1.147342 -1.368867 0.000000
-1.180782 -1.338020 0.000000
-1.183992 -1.324904 0.000000
-1.177917 -1.314190 0.000000
-1.193182 -1.293914 0.000000
-1.212487 -1.277720 0.000000
-1.210226 -1.265741 0.000000
-1.199085 -1.259404 0.000000
-1.181782 -1.256222 0.000000
-1.175065 -1.247399 0.000000
-1.115873 -1.232674 0.000000
-1.112929 -1.221438 0.000000
-1.111474 -1.207789 0.000000
-1.107421 -1.196701 0.000000
-1.106190 -1.186011 0.000000
-1.099291 -1.176909 0.000000
-1.074494 -1.165678 0.000000
-1.061243 -1.154488 0.000000
-1.042744 -1.143350 0.000000
-1.045332 -1.129375 0.000000
-1.050802 -1.115411 0.000000
-1.050936 -1.103768 0.000000
-1.039885 -1.091002 0.000000
-1.022637 -1.075502 0.000000
-1.030801 -1.062955 0.000000
-1.032995 -1.047489 0.000000
-1.011294 -1.032310 0.000000
-1.019406 -1.018904 0.000000
-1.041889 -1.009406 0.000000
-1.050011 -0.996145 0.000000
-1.058694 -0.985757 0.000000
-1.073106 -0.974263 0.000000
-1.085572 -0.965652 0.000000
-1.088972 -0.954252 0.000000
-1.091427 -0.939442 0.000000
-1.092364 -0.927647 0.000000
-1.086708 -0.909970 0.000000
2.910368 2.377193 0.000000
2.801826 2.472981 0.000000
-1.496551 -0.988327 0.000000
-1.499299 -0.983584 0.000000
-0.907699 0.829928 0.000000
-0.986275 0.754028 0.000000
-1.053110 0.702206 0.000000
-1.106966 0.683650 0.000000
-1.154241 0.689542 0.000000
-1.198461 0.712217 0.000000
-1.250973 0.690960 0.000000
-1.301190 0.664574 0.000000
-1.347407 0.665510 0.000000
-1.393503 0.665271 0.000000
-1.577182 -1.008003 0.000000
-1.583120 -1.011240 0.000000
-1.586323 -1.013874 0.000000
-1.589907 -1.016661 0.000000
-1.593283 -1.019274 0.000000
-1.595276 -1.021194 0.000000
-1.662713 -1.054674 0.000000
-2.317385 -0.570003 0.000000
-2.380151 -0.581498 0.000000
-2.419302 -0.584341 0.000000
-2.533820 -0.538567 0.000000
-2.674497 -0.483292 0.000000
-3.276963 -0.220118 0.000000
-3.179108 -0.325542 0.000000
-3.175596 -0.377557 0.000000
-3.161934 -0.434810 0.000000
-3.093674 -0.509879 0.000000
-3.035551 -0.578905 0.000000
-2.987434 -0.638625 0.000000
-2.932289 -0.697175 0.000000
-2.890768 -0.749020 0.000000
-2.848130 -0.797824 0.000000
-2.808397 -0.840515 0.000000
-2.770891 -0.883058 0.000000
-2.739887 -0.920570 0.000000
-2.709419 -0.957038 0.000000
-2.680098 -0.991454 0.000000
-2.651838 -1.024579 0.000000
-2.623742 -1.054549 0.000000
-2.597801 -1.082276 0.000000
-2.573986 -1.110753 0.000000
-2.550117 -1.135225 0.000000
-2.528633 -1.161437 0.000000
-2.509024 -1.185042 0.000000
-2.487630 -1.207080 0.000000
-2.466439 -1.228635 0.000000
-2.447710 -1.249734 0.000000
-2.427544 -1.269552 0.000000
-1.913791 -1.222159 0.000000
-2.373993 -1.389737 0.000000
-2.362755 -1.407284 0.000000
-2.341423 -1.422667 0.000000
-2.326135 -1.440250 0.000000
-2.310294 -1.455010 0.000000
-2.285175 -1.467299 0.000000
-2.263912 -1.479434 0.000000
-2.230739 -1.505639 0.000000
-2.218819 -1.518903 0.000000
-2.204958 -1.533633 0.000000
-2.192364 -1.548191 0.000000
-2.181380 -1.561722 0.000000
-2.170049 -1.575904 0.000000
-2.157188 -1.590131 0.000000
-2.143872 -1.604136 0.000000
-2.132465 -1.617795 0.000000
-2.120659 -1.631633 0.000000
-2.108784 -1.644880 0.000000
-2.097335 -1.659944 0.000000
-2.084208 -1.673178 0.000000
-1.885130 -1.500821 0.000000
-1.868697 -1.499273 0.000000
-1.830818 -1.473546 0.000000
-1.823206 -1.482692 0.000000
-1.815088 -1.491191 0.000000
-1.810123 -1.497752 0.000000
-1.800057 -1.506886 0.000000
-1.792777 -1.514125 0.000000
-1.785793 -1.519764 0.000000
-1.776186 -1.528069 0.000000
-1.766973 -1.534368 0.000000
-1.761585 -1.545445 0.000000
-1.757315 -1.557424 0.000000
-1.863545 -1.934599 0.000000
-1.848959 -1.956074 0.000000
-1.833550 -1.974393 0.000000
-1.777056 -1.870609 0.000000
-1.754419 -1.864882 0.000000
-1.736345 -1.869065 0.000000
-1.720139 -1.879281 0.000000
-1.705261 -1.903299 0.000000
-1.664019 -1.787982 0.000000
-1.639854 -1.736251 0.000000
-1.621650 -1.718080 0.000000
-1.609261 -1.721848 0.000000
-1.593954 -1.712460 0.000000
-1.577840 -1.695692 0.000000
-1.564194 -1.687743 0.000000
-1.549723 -1.677414 0.000000
-1.536697 -1.668513 0.000000
-1.525313 -1.658397 0.000000
-1.513348 -1.649936 0.000000
-1.500154 -1.646024 0.000000
-1.487249 -1.643559 0.000000
-1.488630 -1.556674 0.000000
-1.477163 -1.550913 0.000000
