x y z
-217.949748 10.369477 0.000000
-217.988423 10.357531 0.000000
-218.029009 10.333857 0.000000
-218.065969 10.323245 0.000000
-218.102259 10.305949 0.000000
-218.137317 10.290215 0.000000
-218.308218 9.893102 0.000000
-218.332523 9.876316 0.000000
-218.354539 9.864250 0.000000
-218.375671 9.843064 0.000000
-218.394129 9.847071 0.000000
-218.414988 9.839534 0.000000
-218.433160 9.814888 0.000000
-218.452831 9.821650 0.000000
-218.473981 9.658648 0.000000
-218.488581 9.651752 0.000000
-218.502585 9.645550 0.000000
-218.516884 9.637494 0.000000
-218.529867 9.629726 0.000000
-218.543343 9.634695 0.000000
-218.587342 9.745438 0.000000
-218.604006 9.746009 0.000000
-218.619493 9.739312 0.000000
-218.634901 9.733799 0.000000
-218.651338 9.724548 0.000000
-218.667070 9.720234 0.000000
-218.680738 9.713303 0.000000
-218.696611 9.706366 0.000000
-218.712241 9.700147 0.000000
-218.726515 9.692700 0.000000
-218.741620 9.686964 0.000000
-218.754953 9.678612 0.000000
-218.770436 9.668071 0.000000
-218.784173 9.663722 0.000000
-218.802238 9.661043 0.000000
-219.722320 11.093096 0.000000
-219.779704 11.081953 0.000000
-219.826803 11.056085 0.000000
-219.874906 11.027789 0.000000
-219.922919 11.000170 0.000000
-219.974424 10.979983 0.000000
-220.031238 10.962089 0.000000
-220.081043 10.935418 0.000000
-220.132103 10.908354 0.000000
-220.181235 10.878309 0.000000
-220.247859 10.864727 0.000000
-220.297178 10.831629 0.000000
-220.349699 10.803781 0.000000
-220.400170 10.770057 0.000000
-220.461116 10.745507 0.000000
-220.521455 10.719662 0.000000
-220.577766 10.687993 0.000000
-220.640802 10.660985 0.000000
-220.693944 10.624963 0.000000
-220.772234 10.606071 0.000000
-220.833236 10.570190 0.000000
-220.903542 10.540325 0.000000
-220.977121 10.511095 0.000000
-221.050098 10.478172 0.000000
-221.128281 10.444748 0.000000
-221.189378 10.400888 0.000000
-221.288470 10.372727 0.000000
-221.553880 10.418509 0.000000
-221.791670 10.438979 0.000000
-221.733388 10.329212 0.000000
-221.871515 10.301360 0.000000
-221.965632 10.247137 0.000000
-222.157715 10.134143 0.000000
-222.219432 10.062876 0.000000
-222.271357 9.985049 0.000000
-222.270532 9.895730 0.000000
-222.815971 9.924255 0.000000
-222.793569 9.820137 0.000000
-222.900396 9.737851 0.000000
-222.835678 9.628412 0.000000
-222.767972 9.520959 0.000000
-222.723431 9.418149 0.000000
-222.665165 9.317946 0.000000
-222.605272 9.221722 0.000000
-222.567515 9.126759 0.000000
-222.545088 9.035941 0.000000
-222.507647 8.945274 0.000000
-222.434736 8.857580 0.000000
-222.390956 8.768001 0.000000
-222.368116 8.681636 0.000000
-222.329962 8.597604 0.000000
-222.273406 8.517261 0.000000
-222.223707 8.436896 0.000000
-222.192039 8.355064 0.000000
-222.152092 8.278803 0.000000
-222.122833 8.200221 0.000000
-222.076854 8.124167 0.000000
-222.037570 8.049644 0.000000
-222.036311 7.963793 0.000000
-221.972160 7.895772 0.000000
-221.948166 7.815927 0.000000
-221.884441 7.753736 0.000000
-221.884343 7.666230 0.000000
-221.820463 7.603899 0.000000
-221.802844 7.521573 0.000000
-221.778868 7.443594 0.000000
-221.751059 7.366956 0.000000
-221.703349 7.300354 0.000000
-221.758885 7.175689 0.000000
-221.976515 6.952880 0.000000
-220.134969 7.914054 0.000000
-220.116117 7.873444 0.000000
-220.100303 7.828879 0.000000
-220.083252 7.787272 0.000000
-220.059619 7.748112 0.000000
-220.038672 7.707119 0.000000
-220.012767 7.666874 0.000000
-219.997728 7.620143 0.000000
-219.973392 7.580998 0.000000
-219.951716 7.537049 0.000000
-219.932644 7.489404 0.000000
-219.905734 7.448862 0.000000
-219.888605 7.397348 0.000000
-219.866345 7.350040 0.000000
-219.837808 7.309925 0.000000
-219.818822 7.253530 0.000000
-219.787743 7.214128 0.000000
-219.771195 7.151997 0.000000
-219.739343 7.108281 0.000000
-219.713985 7.054031 0.000000
-219.695776 6.984059 0.000000
-219.680826 6.906597 0.000000
-220.325421 5.271794 0.000000
-220.270181 5.172552 0.000000
-220.213319 5.066852 0.000000
-220.161860 4.945891 0.000000
-220.124842 4.766960 0.000000
-220.060870 4.652632 0.000000
-219.949952 4.656342 0.000000
-219.680982 5.157907 0.000000
-219.591251 5.142937 0.000000
-219.503334 5.123044 0.000000
-219.410817 5.131896 0.000000
-219.326776 5.093391 0.000000
-219.241492 5.062322 0.000000
-219.150158 5.068770 0.000000
-219.043583 5.175288 0.000000
-218.943080 5.277101 0.000000
-218.870491 5.173206 0.000000
-218.976281 3.043434 0.000000
-218.837326 3.093247 0.000000
-218.703617 3.157883 0.000000
-218.568347 3.304431 0.000000
-218.444073 3.366761 0.000000
-218.318659 3.398356 0.000000
-218.197143 3.484412 0.000000
-218.071952 3.489122 0.000000
-217.955113 3.552893 0.000000
-217.843743 3.656527 0.000000
-217.728649 3.703925 0.000000
-217.616253 3.777439 0.000000
-217.502825 3.815892 0.000000
-217.391486 3.853563 0.000000
-217.284059 3.911713 0.000000
-217.166519 3.924350 0.000000
-217.062799 3.989307 0.000000
-216.959563 4.045644 0.000000
-216.868618 4.145104 0.000000
-216.748332 4.144038 0.000000
-218.153202 8.246514 0.000000
-218.188170 8.388098 0.000000
-218.205073 8.463672 0.000000
-218.195933 8.478153 0.000000
-218.191156 8.499216 0.000000
-218.183341 8.512055 0.000000
-218.176632 8.524297 0.000000
-218.166518 8.534544 0.000000
-218.157290 8.542231 0.000000
-218.145769 8.547557 0.000000
-218.133895 8.552556 0.000000
-218.119892 8.552622 0.000000
-218.099179 8.549341 0.000000
-218.080190 8.541843 0.000000
-217.903384 8.400813 0.000000
-216.017745 6.461738 0.000000
-217.324997 7.943448 0.000000
-217.304497 7.972499 0.000000
-217.413173 8.115227 0.000000
-217.474176 8.206464 0.000000
-217.451859 8.226559 0.000000
-217.423942 8.241076 0.000000
-217.401900 8.258750 0.000000
-217.372920 8.273859 0.000000
-216.515967 7.858422 0.000000
-216.551879 7.937304 0.000000
-216.593102 8.016734 0.000000
-216.631859 8.089856 0.000000
-216.661424 8.154636 0.000000
-216.698904 8.221444 0.000000
-216.725696 8.279039 0.000000
-216.748898 8.334064 0.000000
-216.774749 8.389096 0.000000
-216.803936 8.442137 0.000000
-216.825961 8.490288 0.000000
-216.849866 8.538767 0.000000
-216.861212 8.579796 0.000000
-217.720134 9.076708 0.000000
-217.704509 9.096098 0.000000
-217.655262 9.117562 0.000000
-217.655744 9.136624 0.000000
-217.628137 9.159453 0.000000
-217.225684 9.303537 0.000000
-217.239239 9.329051 0.000000
-217.251088 9.357246 0.000000
-217.263824 9.382469 0.000000
-217.277318 9.407219 0.000000
-217.287312 9.433720 0.000000
-217.300820 9.459209 0.000000
-217.311789 9.483371 0.000000
-217.323659 9.510059 0.000000
-217.335598 9.534085 0.000000
-217.345949 9.559236 0.000000
-217.360083 9.584424 0.000000
-217.370735 9.609151 0.000000
-217.381323 9.635615 0.000000
-217.394119 9.660153 0.000000
-217.407364 9.686122 0.000000
-217.420509 9.709839 0.000000
-217.429876 9.737172 0.000000
-217.442779 9.764062 0.000000
-217.454506 9.789552 0.000000
-217.468347 9.815928 0.000000
-217.542519 9.828056 0.000000
-217.554300 9.853324 0.000000
-217.520907 9.921327 0.000000
-217.534817 9.949977 0.000000
-217.546352 9.980258 0.000000
-217.563345 10.006526 0.000000
-217.576113 10.034852 0.000000
-217.712023 9.924834 0.000000
-217.734978 9.938469 0.000000
-217.760115 9.948935 0.000000
-217.785435 9.959725 0.000000
-217.805905 9.974327 0.000000
-217.822865 9.994947 0.000000
-217.842826 10.013836 0.000000
-217.863571 10.031895 0.000000
-217.880922 10.052506 0.000000
-217.898048 10.077208 0.000000
-217.917185 10.100020 0.000000
-217.813554 10.525012 0.000000
