x y z
-147.499433 35.321942 0.000000
-147.541836 35.328542 0.000000
-147.585838 35.329605 0.000000
-147.627647 35.331029 0.000000
-147.669898 35.331215 0.000000
-147.707082 35.333653 0.000000
-147.746090 35.335108 0.000000
-148.067516 35.049381 0.000000
-148.093619 35.046939 0.000000
-148.122426 35.037945 0.000000
-148.137077 35.049955 0.000000
-148.158456 35.050932 0.000000
-148.194501 35.025808 0.000000
-148.198546 35.054242 0.000000
-148.291359 34.917514 0.000000
-148.307678 34.915441 0.000000
-148.322362 34.918045 0.000000
-148.339472 34.915069 0.000000
-148.354359 34.918363 0.000000
-148.366759 34.923326 0.000000
-148.355365 35.044177 0.000000
-148.370789 35.050226 0.000000
-148.386290 35.054630 0.000000
-148.403021 35.053830 0.000000
-148.419375 35.053871 0.000000
-148.436119 35.055414 0.000000
-148.453731 35.054940 0.000000
-148.468874 35.058000 0.000000
-148.486009 35.058202 0.000000
-148.502669 35.056203 0.000000
-148.518364 35.059780 0.000000
-148.535691 35.056836 0.000000
-148.553175 35.056242 0.000000
-148.569217 35.057474 0.000000
-148.585998 35.063339 0.000000
-148.774483 36.767058 0.000000
-148.830275 36.768308 0.000000
-148.883615 36.753239 0.000000
-148.939389 36.765634 0.000000
-148.995577 36.771206 0.000000
-149.052980 36.768950 0.000000
-149.110263 36.776915 0.000000
-149.166204 36.769848 0.000000
-149.224035 36.768746 0.000000
-149.281202 36.763150 0.000000
-149.344799 36.783306 0.000000
-149.403793 36.771591 0.000000
-149.465827 36.773270 0.000000
-149.526004 36.765444 0.000000
-149.589976 36.770580 0.000000
-149.685384 36.841653 0.000000
-149.721181 36.771697 0.000000
-149.790881 36.777937 0.000000
-149.860625 36.782404 0.000000
-149.924959 36.770681 0.000000
-150.000792 36.775258 0.000000
-150.077226 36.780160 0.000000
-150.155783 36.784750 0.000000
-150.227944 36.774796 0.000000
-150.323228 36.796320 0.000000
-150.393243 36.778495 0.000000
-150.495883 36.800583 0.000000
-150.717621 36.964653 0.000000
-150.920287 37.088338 0.000000
-150.922732 36.967849 0.000000
-151.037081 36.973197 0.000000
-151.153149 36.977888 0.000000
-151.375260 36.959536 0.000000
-151.461908 36.924640 0.000000
-151.551265 36.886881 0.000000
-151.577628 36.793593 0.000000
-152.076764 37.078616 0.000000
-152.083714 36.959400 0.000000
-152.206320 36.926426 0.000000
-152.211549 36.810597 0.000000
-152.206151 36.688254 0.000000
-152.211178 36.577500 0.000000
-152.218850 36.469757 0.000000
-152.201470 36.350550 0.000000
-152.212717 36.252724 0.000000
-152.225057 36.155964 0.000000
-152.212090 36.047635 0.000000
-152.198208 35.944139 0.000000
-152.211255 35.853379 0.000000
-152.219974 35.762027 0.000000
-152.220337 35.668811 0.000000
-152.216479 35.575654 0.000000
-152.208389 35.482741 0.000000
-152.203503 35.392432 0.000000
-152.200492 35.305079 0.000000
-152.214103 35.221911 0.000000
-152.224789 35.136307 0.000000
-152.206636 35.048490 0.000000
-152.239843 34.971215 0.000000
-152.211150 34.881624 0.000000
-152.220095 34.799788 0.000000
-152.226101 34.718720 0.000000
-152.229064 34.634498 0.000000
-152.230157 34.553352 0.000000
-152.233199 34.472453 0.000000
-152.205723 34.390054 0.000000
-152.238157 34.308596 0.000000
-152.211744 34.226331 0.000000
-152.393633 34.137638 0.000000
-152.620094 34.036474 0.000000
-150.554105 34.084714 0.000000
-150.563046 34.038818 0.000000
-150.557580 33.992989 0.000000
-150.556385 33.948474 0.000000
-150.560672 33.901890 0.000000
-150.562761 33.854621 0.000000
-150.561406 33.807075 0.000000
-150.559394 33.759209 0.000000
-150.562155 33.711703 0.000000
-150.557369 33.663550 0.000000
-150.561216 33.612989 0.000000
-150.552800 33.566794 0.000000
-150.553755 33.513811 0.000000
-150.557908 33.459662 0.000000
-150.556637 33.409410 0.000000
-150.563199 33.352352 0.000000
-150.553886 33.303354 0.000000
-150.566113 33.239080 0.000000
-150.555179 33.187433 0.000000
-150.558439 33.127085 0.000000
-150.576950 33.054515 0.000000
-150.603390 32.973754 0.000000
-151.903631 31.791476 0.000000
-151.908321 31.669405 0.000000
-151.868341 31.578483 0.000000
-151.895474 31.428910 0.000000
-151.936401 31.259646 0.000000
-151.922940 31.133449 0.000000
-151.825139 31.082968 0.000000
-151.379063 31.398374 0.000000
-151.315849 31.333015 0.000000
-151.227892 31.293878 0.000000
-151.151842 31.245921 0.000000
-151.083097 31.186167 0.000000
-151.013045 31.131464 0.000000
-150.914855 31.115293 0.000000
-150.776156 31.155283 0.000000
-150.650289 31.190747 0.000000
-150.626506 31.070613 0.000000
-151.651877 29.221472 0.000000
-151.513890 29.194007 0.000000
-151.344470 29.228567 0.000000
-151.199627 29.229683 0.000000
-151.049008 29.245912 0.000000
-150.916010 29.232448 0.000000
-150.784256 29.224807 0.000000
-150.652885 29.213554 0.000000
-150.524790 29.202874 0.000000
-150.401200 29.184276 0.000000
-150.245951 29.269493 0.000000
-150.131720 29.230506 0.000000
-150.005070 29.245658 0.000000
-149.893648 29.204712 0.000000
-149.771788 29.212300 0.000000
-149.655455 29.194329 0.000000
-149.532323 29.214133 0.000000
-149.415619 29.206514 0.000000
-149.291017 29.258231 0.000000
-149.177368 29.255745 0.000000
-148.629966 33.499017 0.000000
-148.607247 33.575815 0.000000
-148.581083 33.723551 0.000000
-148.567741 33.731742 0.000000
-148.552382 33.750801 0.000000
-148.540904 33.758058 0.000000
-148.527714 33.765692 0.000000
-148.515102 33.769832 0.000000
-148.503293 33.770648 0.000000
-148.491879 33.771153 0.000000
-148.478302 33.770220 0.000000
-148.463900 33.764923 0.000000
-148.449052 33.750060 0.000000
-148.433634 33.740947 0.000000
-148.340877 33.547051 0.000000
-147.498053 30.938889 0.000000
-148.269947 33.502540 0.000000
-148.256300 33.522390 0.000000
-148.236697 33.530052 0.000000
-148.215497 33.527762 0.000000
-147.980594 33.179451 0.000000
-147.950816 33.186702 0.000000
-147.919390 33.186746 0.000000
-147.334075 32.434809 0.000000
-147.332719 32.524464 0.000000
-147.330219 32.603822 0.000000
-147.336036 32.693317 0.000000
-147.336305 32.766711 0.000000
-147.336541 32.838548 0.000000
-147.335796 32.905377 0.000000
-147.333353 32.964688 0.000000
-147.332200 33.024072 0.000000
-147.334182 33.085934 0.000000
-147.331942 33.138856 0.000000
-147.331888 33.190385 0.000000
-147.325761 33.235729 0.000000
-147.875420 34.060160 0.000000
-147.855598 34.070301 0.000000
-147.821043 34.075930 0.000000
-147.792001 34.085159 0.000000
-147.757242 34.091226 0.000000
-147.331161 34.044422 0.000000
-147.332570 34.073076 0.000000
-147.330024 34.101729 0.000000
-147.332172 34.132054 0.000000
-147.332453 34.159044 0.000000
-147.328941 34.186797 0.000000
-147.327979 34.215484 0.000000
-147.329767 34.242923 0.000000
-147.333142 34.270616 0.000000
-147.327117 34.298537 0.000000
-147.326977 34.325696 0.000000
-147.326219 34.354907 0.000000
-147.326518 34.381074 0.000000
-147.324001 34.409498 0.000000
-147.324568 34.437166 0.000000
-147.325748 34.464848 0.000000
-147.323870 34.493356 0.000000
-147.323140 34.521939 0.000000
-147.322328 34.550766 0.000000
-147.321135 34.579581 0.000000
-147.382936 34.652471 0.000000
-147.384308 34.679377 0.000000
-147.320960 34.728615 0.000000
-147.321679 34.757881 0.000000
-147.321704 34.789347 0.000000
-147.323017 34.821614 0.000000
-147.322171 34.852109 0.000000
-147.495819 34.813361 0.000000
-147.509957 34.834419 0.000000
-147.525076 34.856237 0.000000
-147.539391 34.879016 0.000000
-147.551022 34.901372 0.000000
-147.568630 34.920985 0.000000
-147.567901 34.951685 0.000000
-147.576861 34.979286 0.000000
-147.589566 35.002782 0.000000
-147.594739 35.030631 0.000000
-147.596861 35.061833 0.000000
-147.319117 35.395900 0.000000
