x y z
-163.659773 32.519956 0.000000
-163.704377 32.520554 0.000000
-163.749889 32.519279 0.000000
-163.791041 32.519191 0.000000
-163.833483 32.518595 0.000000
-163.873626 32.516507 0.000000
-163.909832 32.517797 0.000000
-164.221116 32.208832 0.000000
-164.248545 32.204723 0.000000
-164.271998 32.201216 0.000000
-164.289874 32.209287 0.000000
-164.314133 32.206073 0.000000
-164.336719 32.200142 0.000000
-164.357119 32.201302 0.000000
-164.375481 32.203017 0.000000
-164.457559 32.056912 0.000000
-164.473492 32.057276 0.000000
-164.487839 32.056730 0.000000
-164.503271 32.055441 0.000000
-164.517182 32.059096 0.000000
-164.656511 31.665548 0.000000
-164.528755 32.186070 0.000000
-164.542932 32.194172 0.000000
-164.560811 32.193213 0.000000
-164.594814 32.188067 0.000000
-164.613237 32.187983 0.000000
-164.629824 32.187040 0.000000
-164.645764 32.188444 0.000000
-164.660818 32.187461 0.000000
-164.676799 32.186688 0.000000
-164.695309 32.184306 0.000000
-164.710955 32.182788 0.000000
-164.727839 32.183122 0.000000
-164.742840 32.181447 0.000000
-164.761251 32.184409 0.000000
-165.079560 33.863613 0.000000
-165.133291 33.854316 0.000000
-165.192238 33.866692 0.000000
-165.245242 33.854539 0.000000
-165.303545 33.860435 0.000000
-165.358174 33.852332 0.000000
-165.417379 33.855950 0.000000
-165.473079 33.848105 0.000000
-165.530432 33.841568 0.000000
-165.586440 33.831795 0.000000
-165.654648 33.845430 0.000000
-165.711860 33.836239 0.000000
-165.770680 33.829096 0.000000
-165.830193 33.816652 0.000000
-165.901140 33.828318 0.000000
-165.962837 33.818833 0.000000
-166.034693 33.825384 0.000000
-166.096560 33.808736 0.000000
-166.167189 33.807385 0.000000
-166.241966 33.808007 0.000000
-166.307970 33.795404 0.000000
-166.390044 33.801624 0.000000
-166.466517 33.796577 0.000000
-166.556353 33.804041 0.000000
-166.634599 33.791959 0.000000
-166.715115 33.783514 0.000000
-166.807492 33.781281 0.000000
-167.058103 33.946589 0.000000
-167.221623 34.006264 0.000000
-167.276166 33.945901 0.000000
-167.389179 33.942221 0.000000
-167.577952 33.886706 0.000000
-167.703655 33.879509 0.000000
-167.792915 33.840399 0.000000
-168.015584 33.895236 0.000000
-168.362442 34.028382 0.000000
-168.381146 33.921796 0.000000
-168.390011 33.808397 0.000000
-168.515276 33.771031 0.000000
-168.483506 33.637451 0.000000
-168.472200 33.518493 0.000000
-168.464194 33.407255 0.000000
-168.437302 33.287105 0.000000
-168.449152 33.189889 0.000000
-168.459000 33.093263 0.000000
-168.448830 32.989892 0.000000
-168.459221 32.895522 0.000000
-168.416880 32.783522 0.000000
-168.422742 32.693423 0.000000
-168.429946 32.602558 0.000000
-168.401468 32.503653 0.000000
-168.403365 32.416179 0.000000
-168.410021 32.328594 0.000000
-168.393339 32.236716 0.000000
-168.389771 32.151005 0.000000
-168.390646 32.066894 0.000000
-168.365399 31.977589 0.000000
-168.395747 31.897628 0.000000
-168.369200 31.810235 0.000000
-168.365224 31.727086 0.000000
-168.359572 31.645306 0.000000
-168.333143 31.562356 0.000000
-168.351110 31.479996 0.000000
-168.362723 31.397952 0.000000
-168.323814 31.318256 0.000000
-168.343215 31.234639 0.000000
-168.341330 31.155699 0.000000
-168.340552 31.072420 0.000000
-168.698763 30.949447 0.000000
-167.003919 31.100098 0.000000
-166.679447 31.101015 0.000000
-166.654233 31.059462 0.000000
-166.649502 31.014612 0.000000
-166.657814 30.966269 0.000000
-166.655098 30.921173 0.000000
-166.648393 30.875676 0.000000
-166.641177 30.829451 0.000000
-166.640138 30.781332 0.000000
-166.639913 30.734021 0.000000
-166.628202 30.687442 0.000000
-166.633070 30.636648 0.000000
-166.624048 30.587761 0.000000
-166.621296 30.536577 0.000000
-166.622656 30.483662 0.000000
-166.612459 30.435650 0.000000
-166.616932 30.378066 0.000000
-166.607416 30.326377 0.000000
-166.597072 30.273532 0.000000
-166.598631 30.212634 0.000000
-166.590094 30.157532 0.000000
-166.597858 30.091012 0.000000
-166.606640 30.019675 0.000000
-166.645457 29.922824 0.000000
-167.824488 28.660397 0.000000
-167.808344 28.547018 0.000000
-167.806433 28.418970 0.000000
-167.951177 28.134288 0.000000
-167.808109 28.132822 0.000000
-167.720250 28.080034 0.000000
-167.366739 28.332939 0.000000
-167.251825 28.326380 0.000000
-167.173039 28.280335 0.000000
-167.127086 28.198625 0.000000
-167.016314 28.197260 0.000000
-166.949969 28.133676 0.000000
-166.882419 28.074724 0.000000
-166.805979 28.024922 0.000000
-166.622535 28.157627 0.000000
-166.527010 28.157771 0.000000
-166.521290 27.987751 0.000000
-167.358983 26.143488 0.000000
-167.240985 26.085848 0.000000
-167.077762 26.125085 0.000000
-166.902259 26.205292 0.000000
-166.777924 26.177486 0.000000
-166.617315 26.245859 0.000000
-166.489088 26.236701 0.000000
-166.373678 26.192316 0.000000
-166.226884 26.253107 0.000000
-166.102960 26.246600 0.000000
-165.971177 26.276754 0.000000
-165.849257 26.275279 0.000000
-165.727146 26.265791 0.000000
-165.606807 26.274937 0.000000
-165.488598 26.278945 0.000000
-165.372546 26.252049 0.000000
-165.251627 26.291694 0.000000
-165.133290 26.295515 0.000000
-165.017607 26.311948 0.000000
-164.902291 26.310920 0.000000
-164.685649 30.627336 0.000000
-164.666820 30.828274 0.000000
-164.653756 30.855955 0.000000
-164.640174 30.862716 0.000000
-164.628010 30.882986 0.000000
-164.616416 30.893701 0.000000
-164.602840 30.900976 0.000000
-164.592148 30.903027 0.000000
-164.578700 30.905336 0.000000
-164.567671 30.905900 0.000000
-164.554555 30.905390 0.000000
-164.539219 30.896707 0.000000
-164.524279 30.888450 0.000000
-164.504107 30.865847 0.000000
-164.398315 30.683528 0.000000
-163.509845 28.541151 0.000000
-164.308431 30.613450 0.000000
-164.293246 30.630202 0.000000
-164.281168 30.655449 0.000000
-164.258555 30.654333 0.000000
-164.011243 30.351822 0.000000
-163.981042 30.361135 0.000000
-163.950486 30.364897 0.000000
-163.332278 29.691279 0.000000
-163.336329 29.778486 0.000000
-163.342003 29.861678 0.000000
-163.350337 29.940734 0.000000
-163.352610 30.012185 0.000000
-163.354522 30.078922 0.000000
-163.357178 30.140358 0.000000
-163.363246 30.205734 0.000000
-163.367239 30.264868 0.000000
-163.369595 30.318172 0.000000
-163.372154 30.372592 0.000000
-163.378281 30.427657 0.000000
-163.578303 30.629101 0.000000
-163.867751 31.185027 0.000000
-163.982553 31.244098 0.000000
-163.914225 31.241053 0.000000
-163.905461 31.256507 0.000000
-163.874983 31.267598 0.000000
-163.855690 31.281995 0.000000
-163.429256 31.208724 0.000000
-163.432105 31.238743 0.000000
-163.433344 31.267106 0.000000
-163.436284 31.296839 0.000000
-163.440846 31.327122 0.000000
-163.437357 31.353995 0.000000
-163.439834 31.382993 0.000000
-163.443004 31.411143 0.000000
-163.445792 31.440120 0.000000
-163.445979 31.466600 0.000000
-163.447790 31.495069 0.000000
-163.447451 31.522592 0.000000
-163.449768 31.550675 0.000000
-163.451061 31.577144 0.000000
-163.449189 31.606106 0.000000
-163.452306 31.633561 0.000000
-163.455043 31.661116 0.000000
-163.456310 31.689727 0.000000
-163.457120 31.717919 0.000000
-163.458983 31.745739 0.000000
-163.460147 31.776452 0.000000
-163.462955 31.803040 0.000000
-163.548790 31.808596 0.000000
-163.526911 31.845108 0.000000
-163.529900 31.872829 0.000000
-163.532969 31.901191 0.000000
-163.470319 31.954142 0.000000
-163.476710 31.983496 0.000000
-163.474874 32.016127 0.000000
-163.476651 32.047332 0.000000
-163.480220 32.079034 0.000000
-163.658140 32.021799 0.000000
-163.674781 32.042220 0.000000
-163.692430 32.063673 0.000000
-163.707142 32.084901 0.000000
-163.716134 32.109143 0.000000
-163.728132 32.132377 0.000000
-163.739241 32.157659 0.000000
-163.751204 32.181814 0.000000
-163.757758 32.211068 0.000000
-163.768696 32.235671 0.000000
-163.769923 32.268834 0.000000
