x y z
-1.951333 0.354388 0.000000
-1.949208 0.358638 0.000000
-1.950065 0.368081 0.000000
-1.947874 0.374553 0.000000
-1.946826 0.384324 0.000000
-1.946378 0.392264 0.000000
-1.941924 0.397394 0.000000
-1.938571 0.407382 0.000000
-1.934605 0.420165 0.000000
-0.583957 2.081430 0.000000
-1.215531 1.428357 0.000000
-0.731815 2.186862 0.000000
-1.941438 0.662718 0.000000
-1.961944 0.650107 0.000000
-1.978465 0.644091 0.000000
-2.002072 0.625856 0.000000
-2.012252 0.629382 0.000000
-2.027615 0.616361 0.000000
-2.033384 0.633434 0.000000
-2.043562 0.634761 0.000000
-2.053179 0.634597 0.000000
-2.065581 0.634271 0.000000
-2.071418 0.645546 0.000000
-2.079050 0.655538 0.000000
-2.084345 0.670664 0.000000
-2.099399 0.656221 0.000000
-2.115804 0.641904 0.000000
-2.125255 0.640553 0.000000
-2.135959 0.643408 0.000000
-2.145477 0.639587 0.000000
-2.161643 0.598630 0.000000
-2.166617 0.609615 0.000000
-2.177372 0.628360 0.000000
-2.183862 0.643604 0.000000
-2.193268 0.646408 0.000000
-2.205059 0.664634 0.000000
-2.216304 0.668832 0.000000
-2.226998 0.673064 0.000000
-2.236411 0.679238 0.000000
-2.248522 0.684326 0.000000
-2.260828 0.692648 0.000000
-2.302246 0.728411 0.000000
-2.315722 0.738553 0.000000
-2.325980 0.725429 0.000000
-2.329368 0.694968 0.000000
-2.346129 0.707683 0.000000
-2.358524 0.701959 0.000000
-2.369748 0.700114 0.000000
-2.423432 0.733232 0.000000
-2.429020 0.709781 0.000000
-2.442289 0.707301 0.000000
-2.443984 0.681663 0.000000
-2.458198 0.682539 0.000000
-2.468087 0.671249 0.000000
-2.468569 0.651431 0.000000
-2.479221 0.642375 0.000000
-2.488394 0.637188 0.000000
-2.501067 0.631415 0.000000
-2.515669 0.628792 0.000000
-2.530734 0.630065 0.000000
-6.369698 4.135199 0.000000
-6.475115 4.036982 0.000000
-2.351641 0.293677 0.000000
-2.354928 0.289999 0.000000
-4.215973 0.538093 0.000000
-4.156911 0.478652 0.000000
-4.101664 0.422900 0.000000
-4.088020 0.373482 0.000000
-4.086584 0.325937 0.000000
-4.101445 0.279882 0.000000
-4.041169 0.231131 0.000000
-4.030683 0.184264 0.000000
-4.018274 0.137964 0.000000
-2.321902 0.215719 0.000000
-2.315982 0.213422 0.000000
-2.312446 0.209779 0.000000
-2.308722 0.205200 0.000000
-2.305314 0.202153 0.000000
-2.303525 0.203092 0.000000
-2.261194 0.141732 0.000000
-2.266848 0.122018 0.000000
-2.273221 0.105503 0.000000
-2.251866 0.091623 0.000000
-2.247460 0.091022 0.000000
-2.609136 -0.542048 0.000000
-2.607092 -0.584693 0.000000
-2.581779 -0.585012 0.000000
-2.567207 -0.605914 0.000000
-2.551855 -0.631208 0.000000
-2.545449 -0.673552 0.000000
-2.735672 -1.466852 0.000000
-2.683764 -1.454157 0.000000
-2.632829 -1.432450 0.000000
-2.568429 -1.357836 0.000000
-2.511202 -1.290911 0.000000
-2.457785 -1.225188 0.000000
-2.409605 -1.167903 0.000000
-2.364378 -1.116245 0.000000
-2.324071 -1.071806 0.000000
-2.285612 -1.023766 0.000000
-2.251639 -0.984310 0.000000
-2.217750 -0.944289 0.000000
-2.186684 -0.908361 0.000000
-2.157799 -0.872155 0.000000
-2.130569 -0.839745 0.000000
-2.105635 -0.809749 0.000000
-2.081694 -0.778153 0.000000
-2.059033 -0.750541 0.000000
-2.036006 -0.724730 0.000000
-2.014772 -0.700028 0.000000
-1.995460 -0.675040 0.000000
-1.977474 -0.649989 0.000000
-1.959285 -0.625837 0.000000
-1.940131 -0.603369 0.000000
-1.924226 -0.583029 0.000000
-2.054221 -0.082586 0.000000
-1.814378 -0.508966 0.000000
-1.798042 -0.497183 0.000000
-1.788248 -0.471343 0.000000
-1.771643 -0.455090 0.000000
-1.759394 -0.439908 0.000000
-1.752562 -0.410161 0.000000
-1.744565 -0.385241 0.000000
-1.724085 -0.349349 0.000000
-1.712099 -0.333570 0.000000
-1.791172 -0.206523 0.000000
-1.770537 -0.208014 0.000000
-1.961140 0.033715 0.000000
-1.978094 0.070275 0.000000
-1.977609 0.073899 0.000000
-1.973253 0.083955 0.000000
-1.970639 0.088996 0.000000
-1.967851 0.094913 0.000000
-1.966311 0.099727 0.000000
-1.963645 0.106430 0.000000
-1.961366 0.112869 0.000000
-1.958205 0.116693 0.000000
-1.953970 0.125801 0.000000
-1.951134 0.130715 0.000000
-1.953138 0.135669 0.000000
-1.954461 0.143397 0.000000
-1.949402 0.153250 0.000000
-1.968289 0.166026 0.000000
-1.959101 0.174004 0.000000
-1.956883 0.173546 0.000000
-1.955995 0.185192 0.000000
-1.956483 0.188203 0.000000
-1.951975 0.196247 0.000000
-1.946919 0.202227 0.000000
-1.948062 0.204279 0.000000
-1.948572 0.208666 0.000000
-1.949085 0.219360 0.000000
-1.949023 0.222161 0.000000
-1.948605 0.229631 0.000000
-1.948316 0.234182 0.000000
-1.947521 0.242401 0.000000
-1.946989 0.248244 0.000000
-1.946483 0.246654 0.000000
-1.945827 0.253240 0.000000
-1.945397 0.260567 0.000000
-1.947310 0.271521 0.000000
-1.945967 0.270695 0.000000
-1.946923 0.278666 0.000000
-1.949093 0.289038 0.000000
-1.949714 0.294800 0.000000
-1.949417 0.300407 0.000000
-1.948726 0.299637 0.000000
-1.951330 0.312698 0.000000
-1.950219 0.313359 0.000000
-1.950457 0.319311 0.000000
-1.951106 0.325272 0.000000
-1.952703 0.332648 0.000000
-1.950898 0.336996 0.000000
-1.950692 0.342472 0.000000
