x y z
-2.085522 -0.755875 0.000000
-2.088044 -0.757279 0.000000
-2.079523 -0.762988 0.000000
-2.079430 -0.766340 0.000000
-2.069723 -0.772627 0.000000
-2.066866 -0.778698 0.000000
-2.065331 -0.784766 0.000000
-2.053972 -0.791056 0.000000
-2.052773 -0.795457 0.000000
-2.045621 -0.803626 0.000000
-1.987734 -0.661375 0.000000
-1.673362 -3.003805 0.000000
-1.768865 -1.994019 0.000000
-1.888591 -0.898491 0.000000
-1.877078 -0.903032 0.000000
-1.861736 -0.909835 0.000000
-1.847443 -0.924132 0.000000
-1.839838 -0.911642 0.000000
-1.833035 -0.901408 0.000000
-1.822018 -0.898261 0.000000
-1.810481 -0.895059 0.000000
-1.798344 -0.895798 0.000000
-1.779238 -0.906059 0.000000
-1.758213 -0.921347 0.000000
-1.773255 -0.875030 0.000000
-1.781527 -0.842736 0.000000
-1.777824 -0.829795 0.000000
-1.767309 -0.823798 0.000000
-1.763006 -0.817477 0.000000
-1.777092 -0.780303 0.000000
-1.773399 -0.775374 0.000000
-1.761711 -0.773214 0.000000
-1.742898 -0.776961 0.000000
-1.737177 -0.771730 0.000000
-1.725570 -0.771302 0.000000
-1.699750 -0.781676 0.000000
-1.685851 -0.779011 0.000000
-1.677477 -0.772444 0.000000
-1.667461 -0.764836 0.000000
-1.661472 -0.755476 0.000000
-1.654643 -0.749435 0.000000
-1.585416 -0.750915 0.000000
-1.574514 -0.742277 0.000000
-1.570132 -0.732079 0.000000
-1.570690 -0.718228 0.000000
-1.560293 -0.707142 0.000000
-1.554934 -0.697642 0.000000
-1.521148 -0.698538 0.000000
-1.504349 -0.689655 0.000000
-1.509312 -0.673816 0.000000
-1.480909 -0.668265 0.000000
-1.505634 -0.647240 0.000000
-1.527739 -0.627612 0.000000
-1.524455 -0.614130 0.000000
-1.521516 -0.600413 0.000000
-1.527236 -0.588113 0.000000
-1.521561 -0.575122 0.000000
-1.538311 -0.561856 0.000000
-1.543693 -0.546488 0.000000
-1.542427 -0.535503 0.000000
-1.536409 -0.524271 0.000000
-1.531663 -0.512240 0.000000
-1.524194 -0.500551 0.000000
-1.511876 -0.486386 0.000000
3.687991 0.286133 0.000000
-1.549690 -0.390044 0.000000
-1.876363 -0.418291 0.000000
-1.875057 -0.411853 0.000000
-0.441776 0.807198 0.000000
-0.543741 0.788509 0.000000
-0.621340 0.783347 0.000000
-0.676984 0.796845 0.000000
-0.709145 0.830047 0.000000
-0.733398 0.874144 0.000000
-0.786530 0.887442 0.000000
-0.842756 0.891902 0.000000
-0.875239 0.925202 0.000000
-1.957998 -0.395035 0.000000
-1.962206 -0.395665 0.000000
-1.966235 -0.396200 0.000000
-1.974381 -0.394818 0.000000
-1.974464 -0.396942 0.000000
-1.979899 -0.396188 0.000000
-2.308586 0.285471 0.000000
-2.372567 0.275738 0.000000
-2.399190 0.279568 0.000000
-2.427400 0.289792 0.000000
-2.465369 0.313548 0.000000
-2.494052 0.319544 0.000000
-2.537060 0.345812 0.000000
-2.979073 0.874992 0.000000
-2.964750 0.783588 0.000000
-2.952350 0.699401 0.000000
-2.941918 0.623120 0.000000
-2.927861 0.547851 0.000000
-2.921384 0.487897 0.000000
-2.914208 0.427690 0.000000
-2.904651 0.372663 0.000000
-2.897071 0.319458 0.000000
-2.888887 0.270026 0.000000
-2.883690 0.225439 0.000000
-2.874864 0.182813 0.000000
-2.868448 0.140066 0.000000
-2.861859 0.102475 0.000000
-2.857448 0.066719 0.000000
-2.851260 0.031919 0.000000
-2.845554 -0.003004 0.000000
-2.839982 -0.033689 0.000000
-2.834564 -0.064311 0.000000
-2.830593 -0.094726 0.000000
-2.824405 -0.121640 0.000000
-2.818208 -0.152126 0.000000
-2.841097 -0.257932 0.000000
-2.826846 -0.284016 0.000000
-2.833983 -0.304064 0.000000
-2.832296 -0.326069 0.000000
-2.822529 -0.349894 0.000000
-2.821384 -0.371148 0.000000
-2.808498 -0.393571 0.000000
-2.792414 -0.416674 0.000000
-2.789393 -0.435494 0.000000
-2.777083 -0.456514 0.000000
-2.772999 -0.477369 0.000000
-2.466359 -0.514711 0.000000
-2.765107 -0.513407 0.000000
-2.490728 -0.547372 0.000000
-2.324954 -0.554633 0.000000
-2.284701 -0.562341 0.000000
-2.258247 -0.565212 0.000000
-2.252225 -0.568359 0.000000
-2.249711 -0.575734 0.000000
-2.246116 -0.583213 0.000000
-2.245785 -0.588598 0.000000
-2.244683 -0.592776 0.000000
-2.242748 -0.598286 0.000000
-2.240382 -0.607813 0.000000
-2.238648 -0.614376 0.000000
-2.239916 -0.616430 0.000000
-2.237783 -0.622147 0.000000
-2.235996 -0.629031 0.000000
-2.233234 -0.630509 0.000000
-2.226273 -0.641186 0.000000
-2.227397 -0.642705 0.000000
-2.214982 -0.640400 0.000000
-2.207549 -0.646135 0.000000
-2.201726 -0.652049 0.000000
-2.199840 -0.664504 0.000000
-2.194395 -0.668179 0.000000
-2.190226 -0.671317 0.000000
-2.183392 -0.677365 0.000000
-2.179241 -0.679688 0.000000
-2.172231 -0.685482 0.000000
-2.172060 -0.686301 0.000000
-2.163761 -0.692625 0.000000
-2.159499 -0.696272 0.000000
-2.156621 -0.699046 0.000000
-2.153832 -0.701979 0.000000
-2.146746 -0.707383 0.000000
-2.144923 -0.709441 0.000000
-2.141608 -0.713252 0.000000
-2.133980 -0.719079 0.000000
-2.134930 -0.720554 0.000000
-2.124924 -0.726560 0.000000
-2.126139 -0.728193 0.000000
-2.121143 -0.731649 0.000000
-2.116783 -0.735756 0.000000
-2.106030 -0.742163 0.000000
-2.103428 -0.744954 0.000000
-2.104048 -0.746326 0.000000
-2.095701 -0.749869 0.000000
