x y z
-2.101283 -1.193418 0.000000
-2.095496 -1.200749 0.000000
-2.088133 -1.208940 0.000000
-2.080811 -1.219219 0.000000
-2.073344 -1.231596 0.000000
-2.063514 -1.249660 0.000000
-2.052992 -1.357151 0.000000
-2.039584 -1.359023 0.000000
-2.028815 -1.370242 0.000000
-2.057263 -1.024735 0.000000
-2.053721 -1.025489 0.000000
-2.053816 -1.026043 0.000000
-2.050679 -1.024751 0.000000
-2.043404 -1.021486 0.000000
-1.187768 -3.248555 0.000000
-1.164843 -3.137065 0.000000
-1.849559 -1.306980 0.000000
-1.844856 -1.290582 0.000000
-1.835556 -1.283927 0.000000
-1.832082 -1.271855 0.000000
-1.820275 -1.266425 0.000000
-1.809659 -1.261482 0.000000
-1.796679 -1.261025 0.000000
-1.781655 -1.261811 0.000000
-1.750105 -1.279008 0.000000
-1.796137 -1.207452 0.000000
-1.790734 -1.194355 0.000000
-1.796890 -1.171806 0.000000
-1.802379 -1.153618 0.000000
-1.797634 -1.146950 0.000000
-1.789648 -1.141563 0.000000
-1.776455 -1.139296 0.000000
-1.765197 -1.132888 0.000000
-1.704860 -1.140686 0.000000
-1.694208 -1.132275 0.000000
-1.690950 -1.123078 0.000000
-1.684513 -1.112792 0.000000
-1.676657 -1.103436 0.000000
-1.669324 -1.095082 0.000000
-1.659630 -1.086336 0.000000
-1.646550 -1.079093 0.000000
-1.633050 -1.069937 0.000000
-1.626530 -1.059976 0.000000
-1.620897 -1.049446 0.000000
-1.610110 -1.039902 0.000000
-1.599078 -1.031195 0.000000
-1.561011 -1.028768 0.000000
-1.560091 -1.016085 0.000000
-1.569075 -0.999141 0.000000
-1.562697 -0.984816 0.000000
-1.534161 -0.976852 0.000000
-1.552114 -0.961819 0.000000
-1.553240 -0.946171 0.000000
-1.553728 -0.933222 0.000000
-1.571641 -0.916595 0.000000
-1.556119 -0.906888 0.000000
-1.598326 -0.890712 0.000000
-1.619422 -0.878030 0.000000
-1.625991 -0.867283 0.000000
-1.626507 -0.854224 0.000000
-1.621076 -0.841329 0.000000
-1.610891 -0.830344 0.000000
3.179790 1.127844 0.000000
3.083425 1.241381 0.000000
-1.977688 -0.765078 0.000000
-1.978235 -0.759001 0.000000
-0.952826 0.780525 0.000000
-1.037508 0.746028 0.000000
-1.095303 0.745322 0.000000
-1.146833 0.751397 0.000000
-1.181209 0.789183 0.000000
-1.210961 0.835599 0.000000
-1.293205 0.780293 0.000000
-1.345240 0.775718 0.000000
-2.063965 -0.759549 0.000000
-2.068731 -0.761383 0.000000
-2.068575 -0.763958 0.000000
-2.075717 -0.764796 0.000000
-2.080023 -0.766275 0.000000
-2.082377 -0.767546 0.000000
-2.157418 -0.779624 0.000000
-2.574812 -0.183723 0.000000
-2.576840 -0.217341 0.000000
-2.648831 -0.226896 0.000000
-2.674665 -0.230459 0.000000
-2.696264 -0.239348 0.000000
-2.742121 -0.220638 0.000000
-2.779405 -0.214123 0.000000
-3.388172 0.235997 0.000000
-3.351828 0.149599 0.000000
-3.316973 0.069160 0.000000
-3.285345 -0.007005 0.000000
-3.256564 -0.074093 0.000000
-3.227860 -0.135045 0.000000
-3.203335 -0.192553 0.000000
-3.182268 -0.244067 0.000000
-3.156826 -0.296225 0.000000
-3.141138 -0.340388 0.000000
-3.119199 -0.385669 0.000000
-3.101530 -0.426676 0.000000
-3.085402 -0.463193 0.000000
-3.068979 -0.500769 0.000000
-3.054827 -0.535233 0.000000
-3.039965 -0.566814 0.000000
-3.026236 -0.599867 0.000000
-3.012230 -0.628429 0.000000
-2.998279 -0.657493 0.000000
-2.984242 -0.685732 0.000000
-2.973808 -0.711141 0.000000
-2.960112 -0.738572 0.000000
-2.950064 -0.762987 0.000000
-2.435024 -0.894774 0.000000
-2.429993 -0.902410 0.000000
-2.419967 -0.911590 0.000000
-2.415631 -0.917728 0.000000
-2.400653 -0.928890 0.000000
-2.393350 -0.937400 0.000000
-2.384273 -0.944101 0.000000
-2.377857 -0.948957 0.000000
-2.369416 -0.956780 0.000000
-2.366647 -0.962196 0.000000
-2.366007 -0.967867 0.000000
-2.361734 -0.974917 0.000000
-2.359532 -0.981309 0.000000
-2.356410 -0.986020 0.000000
-2.351654 -0.996236 0.000000
-2.350605 -1.000271 0.000000
-2.345467 -1.009196 0.000000
-2.343733 -1.013600 0.000000
-2.339610 -1.017016 0.000000
-2.332520 -1.022705 0.000000
-2.329228 -1.029277 0.000000
-2.314519 -1.030676 0.000000
-2.306035 -1.032018 0.000000
-2.300416 -1.034688 0.000000
-2.294976 -1.042091 0.000000
-2.293066 -1.050503 0.000000
-2.291904 -1.059196 0.000000
-2.286750 -1.061847 0.000000
-2.282726 -1.064186 0.000000
-2.278126 -1.066298 0.000000
-2.271793 -1.072581 0.000000
-2.268942 -1.073666 0.000000
-2.262867 -1.077773 0.000000
-2.256148 -1.082163 0.000000
-2.252437 -1.083384 0.000000
-2.247141 -1.086473 0.000000
-2.235553 -1.094660 0.000000
-2.236774 -1.094089 0.000000
-2.228132 -1.100963 0.000000
-2.225688 -1.101954 0.000000
-2.219160 -1.105126 0.000000
-2.212535 -1.109537 0.000000
-2.205467 -1.113323 0.000000
-2.206409 -1.112836 0.000000
-2.202281 -1.114654 0.000000
-2.194580 -1.119958 0.000000
-2.185912 -1.123393 0.000000
-2.185637 -1.124313 0.000000
-2.179107 -1.127631 0.000000
-2.173352 -1.130462 0.000000
-2.165072 -1.134412 0.000000
-2.165116 -1.136224 0.000000
-2.157489 -1.141196 0.000000
-2.152399 -1.144770 0.000000
-2.145959 -1.149257 0.000000
-2.142545 -1.153496 0.000000
-2.135318 -1.158802 0.000000
-2.129467 -1.164697 0.000000
-2.124019 -1.170387 0.000000
-2.118747 -1.175427 0.000000
-2.115844 -1.180431 0.000000
-2.105473 -1.186785 0.000000
