x y z
-188.408671 25.246202 0.000000
-188.497310 25.226514 0.000000
-188.537612 25.219397 0.000000
-188.574317 25.214908 0.000000
-188.613529 25.208976 0.000000
-188.869258 24.854770 0.000000
-188.896112 24.845421 0.000000
-188.918057 24.840099 0.000000
-188.934000 24.852106 0.000000
-188.960362 24.833673 0.000000
-188.981886 24.826895 0.000000
-189.001295 24.825839 0.000000
-189.022429 24.819371 0.000000
-189.079423 24.669795 0.000000
-189.094167 24.664331 0.000000
-189.110981 24.660191 0.000000
-189.124563 24.655698 0.000000
-189.138840 24.656062 0.000000
-189.214090 24.242527 0.000000
-189.210156 24.302006 0.000000
-189.170727 24.780302 0.000000
-189.185587 24.786759 0.000000
-189.203113 24.782455 0.000000
-189.236102 24.772682 0.000000
-189.253088 24.773219 0.000000
-189.269471 24.767647 0.000000
-189.284348 24.765105 0.000000
-189.300932 24.762050 0.000000
-189.317917 24.756526 0.000000
-189.332897 24.751923 0.000000
-189.349908 24.747869 0.000000
-189.366051 24.745619 0.000000
-189.382432 24.742424 0.000000
-189.398729 24.743509 0.000000
-189.979800 26.346906 0.000000
-190.035607 26.345185 0.000000
-190.089046 26.329491 0.000000
-190.142460 26.316771 0.000000
-190.198221 26.308544 0.000000
-190.251773 26.293963 0.000000
-190.310804 26.288166 0.000000
-190.364562 26.271605 0.000000
-190.419570 26.253548 0.000000
-190.474781 26.239079 0.000000
-190.534479 26.228103 0.000000
-190.596923 26.220999 0.000000
-190.655503 26.207173 0.000000
-190.720185 26.196751 0.000000
-190.783060 26.181676 0.000000
-190.840049 26.161866 0.000000
-190.903786 26.145654 0.000000
-190.970562 26.132340 0.000000
-191.039542 26.119353 0.000000
-191.116340 26.110299 0.000000
-191.174192 26.080763 0.000000
-191.261377 26.079360 0.000000
-191.329184 26.056833 0.000000
-191.407661 26.040996 0.000000
-191.493207 26.027475 0.000000
-191.574850 26.008552 0.000000
-191.663286 25.990015 0.000000
-191.923199 26.103566 0.000000
-192.133947 26.167738 0.000000
-192.112159 26.052797 0.000000
-192.264815 26.058130 0.000000
-192.379665 26.036252 0.000000
-192.564569 25.949014 0.000000
-192.638423 25.890884 0.000000
-192.707956 25.829869 0.000000
-192.739824 25.747677 0.000000
-193.246129 25.887454 0.000000
-193.238635 25.774768 0.000000
-193.374535 25.726778 0.000000
-193.331648 25.601658 0.000000
-193.292650 25.483235 0.000000
-193.258175 25.368681 0.000000
-193.250953 25.269302 0.000000
-193.202077 25.156273 0.000000
-193.189415 25.056188 0.000000
-193.186450 24.961233 0.000000
-193.113467 24.852695 0.000000
-193.130803 24.765287 0.000000
-193.095997 24.671472 0.000000
-193.082056 24.580651 0.000000
-193.077180 24.492099 0.000000
-193.043759 24.400438 0.000000
-193.031226 24.314301 0.000000
-193.009329 24.227478 0.000000
-192.971949 24.142413 0.000000
-192.960939 24.058265 0.000000
-192.957783 23.973488 0.000000
-192.935802 23.891555 0.000000
-192.895009 23.810584 0.000000
-192.887852 23.728425 0.000000
-192.899498 23.644293 0.000000
-192.857384 23.566140 0.000000
-192.842308 23.485340 0.000000
-192.823816 23.407292 0.000000
-192.779522 23.331490 0.000000
-192.785115 23.248063 0.000000
-192.765439 23.168694 0.000000
-192.729524 23.094709 0.000000
-193.009008 22.930818 0.000000
-193.120840 22.804101 0.000000
-191.126341 23.372198 0.000000
-191.089975 23.337421 0.000000
-191.078179 23.292776 0.000000
-191.065715 23.250522 0.000000
-191.059140 23.204178 0.000000
-191.053669 23.156663 0.000000
-191.041688 23.112905 0.000000
-191.020998 23.070801 0.000000
-191.011334 23.024994 0.000000
-191.007846 22.974834 0.000000
-190.991702 22.929350 0.000000
-190.986245 22.878400 0.000000
-190.970078 22.832134 0.000000
-190.959094 22.782888 0.000000
-190.949678 22.729907 0.000000
-190.941681 22.675191 0.000000
-190.928050 22.623535 0.000000
-190.906319 22.576744 0.000000
-190.897283 22.517677 0.000000
-190.883774 22.461666 0.000000
-190.872434 22.402642 0.000000
-190.872149 22.328320 0.000000
-190.881884 22.242678 0.000000
-191.876892 20.786572 0.000000
-191.835212 20.689383 0.000000
-191.830738 20.540755 0.000000
-191.789491 20.430637 0.000000
-191.781121 20.269287 0.000000
-191.752809 20.128188 0.000000
-191.618414 20.149786 0.000000
-191.278556 20.516997 0.000000
-191.188805 20.492985 0.000000
-191.104346 20.458763 0.000000
-190.992936 20.479301 0.000000
-190.927278 20.415346 0.000000
-190.868467 20.327482 0.000000
-190.770466 20.326439 0.000000
-190.626646 20.443361 0.000000
-190.513621 20.497707 0.000000
-190.466110 20.382930 0.000000
-191.044873 18.328499 0.000000
-190.889859 18.374326 0.000000
-190.743295 18.416352 0.000000
-190.599162 18.456580 0.000000
-190.453620 18.525138 0.000000
-190.324253 18.527949 0.000000
-190.190053 18.565031 0.000000
-190.057842 18.606814 0.000000
-189.934438 18.614519 0.000000
-189.803724 18.671158 0.000000
-189.680813 18.691927 0.000000
-189.556515 18.733364 0.000000
-189.436464 18.761239 0.000000
-189.319327 18.788594 0.000000
-189.202057 18.805540 0.000000
-189.085407 18.817350 0.000000
-188.969995 18.846991 0.000000
-188.854788 18.863958 0.000000
-188.741599 18.883101 0.000000
-188.629668 18.922264 0.000000
-189.079715 23.210834 0.000000
-189.083904 23.367008 0.000000
-189.083750 23.440811 0.000000
-189.070665 23.454121 0.000000
-189.062764 23.474230 0.000000
-189.052552 23.484893 0.000000
-189.041928 23.495726 0.000000
-189.029448 23.502512 0.000000
-189.017615 23.506761 0.000000
-189.006766 23.508502 0.000000
-188.994294 23.510601 0.000000
-188.978987 23.507413 0.000000
-188.961411 23.499247 0.000000
-188.940478 23.485782 0.000000
-188.804966 23.317617 0.000000
-187.396807 20.993456 0.000000
-188.703774 23.258613 0.000000
-188.699510 23.289826 0.000000
-188.688636 23.307613 0.000000
-188.667972 23.315144 0.000000
-188.374965 23.052521 0.000000
-188.347627 23.063116 0.000000
-188.315474 23.071815 0.000000
-187.575849 22.478871 0.000000
-187.600538 22.569483 0.000000
-187.615403 22.648407 0.000000
-187.636391 22.726482 0.000000
-187.649716 22.798233 0.000000
-187.671776 22.870697 0.000000
-187.683690 22.932483 0.000000
-187.695773 22.993119 0.000000
-187.712953 23.054660 0.000000
-187.723543 23.107836 0.000000
-187.734636 23.159952 0.000000
-187.746402 23.212698 0.000000
-187.744735 23.253345 0.000000
-188.473699 23.932278 0.000000
-188.452489 23.946657 0.000000
-188.398701 23.956225 0.000000
-188.387695 23.973775 0.000000
-188.364683 23.989301 0.000000
-187.938542 24.041440 0.000000
-187.945491 24.068379 0.000000
-187.954693 24.098730 0.000000
-187.960898 24.125846 0.000000
-187.970519 24.153478 0.000000
-187.971768 24.181448 0.000000
-187.976771 24.208292 0.000000
-187.984436 24.235336 0.000000
-187.989987 24.262630 0.000000
-187.995690 24.291260 0.000000
-188.000779 24.318655 0.000000
-188.009146 24.345263 0.000000
-188.014062 24.372073 0.000000
-188.016368 24.399440 0.000000
-188.025165 24.427089 0.000000
-188.031201 24.453924 0.000000
-188.038332 24.481964 0.000000
-188.041617 24.508758 0.000000
-188.050372 24.536151 0.000000
-188.055224 24.565477 0.000000
-188.131422 24.621705 0.000000
-188.137630 24.650271 0.000000
-188.089167 24.708955 0.000000
-188.096878 24.740046 0.000000
-188.100260 24.772392 0.000000
-188.111503 24.799627 0.000000
-188.116375 24.833204 0.000000
-188.272209 24.757310 0.000000
-188.294250 24.772409 0.000000
-188.318061 24.786420 0.000000
-188.333613 24.807576 0.000000
-188.350616 24.827969 0.000000
-188.366164 24.848511 0.000000
-188.380486 24.870926 0.000000
-188.395590 24.895712 0.000000
-188.411226 24.917051 0.000000
-188.426256 24.938442 0.000000
-188.436800 24.968737 0.000000
-188.239350 25.362405 0.000000
