x y z
-2.020183 -0.334860 0.000000
-2.016321 -0.337774 0.000000
-2.009947 -0.341558 0.000000
-2.003588 -0.344919 0.000000
-1.992965 -0.348656 0.000000
-1.988140 -0.353120 0.000000
-1.981870 -0.360197 0.000000
-1.972411 -0.217342 0.000000
-1.973139 -0.218717 0.000000
-1.970055 -0.217205 0.000000
-1.962895 -0.215488 0.000000
-1.958325 -0.215109 0.000000
-1.956990 -0.216038 0.000000
-1.953146 -0.217258 0.000000
-1.797454 -0.452676 0.000000
-1.790865 -0.445338 0.000000
-1.779831 -0.444416 0.000000
-1.765129 -0.447991 0.000000
-1.748461 -0.458950 0.000000
-1.742539 -0.442805 0.000000
-1.739442 -0.430696 0.000000
-1.729127 -0.426946 0.000000
-1.718553 -0.423623 0.000000
-1.705890 -0.419498 0.000000
-1.685419 -0.426396 0.000000
-1.665288 -0.432939 0.000000
-1.700478 -0.376760 0.000000
-1.704278 -0.358345 0.000000
-1.695595 -0.350647 0.000000
-1.712818 -0.320009 0.000000
-1.711644 -0.312214 0.000000
-1.704373 -0.305680 0.000000
-1.690135 -0.305729 0.000000
-1.675189 -0.305745 0.000000
-1.671290 -0.297650 0.000000
-1.657970 -0.292926 0.000000
-1.636573 -0.295597 0.000000
-1.628261 -0.290577 0.000000
-1.617691 -0.282490 0.000000
-1.611756 -0.275146 0.000000
-1.605510 -0.267845 0.000000
-1.600128 -0.258897 0.000000
-1.595793 -0.249201 0.000000
-1.527900 -0.238644 0.000000
-1.520649 -0.227874 0.000000
-1.517078 -0.218976 0.000000
-1.522948 -0.201663 0.000000
-1.508811 -0.193681 0.000000
-1.506473 -0.180935 0.000000
-1.477468 -0.176435 0.000000
-1.464646 -0.165781 0.000000
-1.455239 -0.151800 0.000000
-1.461790 -0.137567 0.000000
-1.448454 -0.127891 0.000000
-1.472549 -0.111640 0.000000
-1.483617 -0.097397 0.000000
-1.487323 -0.083003 0.000000
-1.486317 -0.071942 0.000000
-1.502877 -0.060044 0.000000
-1.492232 -0.047492 0.000000
-1.487531 -0.033624 0.000000
-1.516396 -0.024117 0.000000
-1.518905 -0.012311 0.000000
-1.519423 -0.000565 0.000000
-1.517056 0.013093 0.000000
-1.510617 0.027604 0.000000
-1.502505 0.042366 0.000000
-1.871251 -0.041183 0.000000
-1.862089 0.031342 0.000000
-1.864062 0.035620 0.000000
-0.685356 1.458899 0.000000
-0.768351 1.437531 0.000000
-0.829897 1.437731 0.000000
-0.881549 1.450207 0.000000
-0.926150 1.466612 0.000000
-0.958175 1.505108 0.000000
-1.013482 1.505148 0.000000
-1.071841 1.498070 0.000000
-1.123890 1.499850 0.000000
-1.944438 0.045213 0.000000
-1.948876 0.043043 0.000000
-1.952812 0.041934 0.000000
-1.956666 0.040711 0.000000
-1.960408 0.039630 0.000000
-1.963985 0.038680 0.000000
-2.039275 0.034794 0.000000
-2.396531 0.675642 0.000000
-2.399954 0.634185 0.000000
-2.474848 0.635716 0.000000
-2.498083 0.634997 0.000000
-2.519589 0.627263 0.000000
-2.569971 0.657512 0.000000
-2.602265 0.660927 0.000000
-3.178926 1.194746 0.000000
-3.145230 1.097176 0.000000
-3.118869 1.011542 0.000000
-3.095299 0.934056 0.000000
-3.070712 0.859461 0.000000
-3.049655 0.794919 0.000000
-3.032724 0.737339 0.000000
-3.016787 0.683592 0.000000
-2.996579 0.628744 0.000000
-2.980885 0.579940 0.000000
-2.966700 0.534183 0.000000
-2.952643 0.490003 0.000000
-2.938897 0.450167 0.000000
-2.926563 0.412545 0.000000
-2.911964 0.375075 0.000000
-2.902544 0.340216 0.000000
-2.891298 0.308260 0.000000
-2.881096 0.275418 0.000000
-2.871818 0.245835 0.000000
-2.860303 0.215433 0.000000
-2.849024 0.187817 0.000000
-2.842024 0.162208 0.000000
-2.832358 0.135628 0.000000
-2.337738 -0.021072 0.000000
-2.827226 0.003440 0.000000
-2.826456 -0.016851 0.000000
-2.811026 -0.038827 0.000000
-2.804804 -0.060520 0.000000
-2.799013 -0.081845 0.000000
-2.777950 -0.100659 0.000000
-2.760372 -0.120719 0.000000
-2.740832 -0.158039 0.000000
-2.733418 -0.175942 0.000000
-2.728911 -0.193177 0.000000
-2.723378 -0.210963 0.000000
-2.717756 -0.229425 0.000000
-2.712759 -0.248537 0.000000
-2.707451 -0.264634 0.000000
-2.460356 -0.226679 0.000000
-2.428445 -0.230820 0.000000
-2.439503 -0.245705 0.000000
-2.270572 -0.202670 0.000000
-2.261889 -0.211408 0.000000
-2.253449 -0.214682 0.000000
-2.248931 -0.217627 0.000000
-2.241167 -0.224883 0.000000
-2.230521 -0.231387 0.000000
-2.226080 -0.232913 0.000000
-2.217689 -0.237682 0.000000
-2.211305 -0.239099 0.000000
-2.200697 -0.242774 0.000000
-2.192255 -0.246809 0.000000
-2.188480 -0.249105 0.000000
-2.173902 -0.246227 0.000000
-2.162304 -0.252597 0.000000
-2.156605 -0.255157 0.000000
-2.150154 -0.256849 0.000000
-2.153380 -0.268469 0.000000
-2.144767 -0.275494 0.000000
-2.140300 -0.277145 0.000000
-2.132475 -0.281482 0.000000
-2.127221 -0.284278 0.000000
-2.126513 -0.283248 0.000000
-2.117756 -0.289289 0.000000
-2.117857 -0.289816 0.000000
-2.108443 -0.296815 0.000000
-2.103244 -0.300472 0.000000
-2.105217 -0.301412 0.000000
-2.095733 -0.305616 0.000000
-2.086398 -0.309272 0.000000
-2.084735 -0.309701 0.000000
-2.075214 -0.313702 0.000000
-2.076747 -0.313133 0.000000
-2.064085 -0.316435 0.000000
-2.062603 -0.317157 0.000000
-2.052503 -0.321304 0.000000
-2.046704 -0.322978 0.000000
-2.040809 -0.324263 0.000000
-2.037409 -0.325698 0.000000
-2.033457 -0.327173 0.000000
-2.028268 -0.329521 0.000000
-2.026539 -0.331539 0.000000
