x y z
-169.924130 31.080774 0.000000
-169.967524 31.080512 0.000000
-170.011951 31.078191 0.000000
-170.099700 31.065746 0.000000
-170.136051 31.067114 0.000000
-170.170103 31.070914 0.000000
-170.467461 30.749771 0.000000
-170.490765 30.746982 0.000000
-170.514863 30.744402 0.000000
-170.535275 30.746448 0.000000
-170.556720 30.747107 0.000000
-170.578787 30.740181 0.000000
-170.599521 30.739590 0.000000
-170.676252 30.599312 0.000000
-170.695331 30.594140 0.000000
-170.708750 30.593561 0.000000
-170.722188 30.597159 0.000000
-170.738120 30.594126 0.000000
-170.757033 30.586066 0.000000
-170.870459 30.217726 0.000000
-170.751287 30.720028 0.000000
-170.769697 30.721545 0.000000
-170.785225 30.727720 0.000000
-170.803944 30.714544 0.000000
-170.835829 30.720152 0.000000
-170.851587 30.722411 0.000000
-170.868614 30.720133 0.000000
-170.884064 30.719429 0.000000
-170.901467 30.717156 0.000000
-170.917818 30.717242 0.000000
-170.933659 30.709728 0.000000
-170.951210 30.708754 0.000000
-170.966351 30.709577 0.000000
-170.981629 30.710828 0.000000
-171.000255 30.715106 0.000000
-171.265890 32.353651 0.000000
-171.327473 32.394414 0.000000
-171.380786 32.388980 0.000000
-171.434229 32.370802 0.000000
-171.489827 32.373681 0.000000
-171.544891 32.369295 0.000000
-171.602261 32.366373 0.000000
-171.661442 32.373885 0.000000
-171.715858 32.361976 0.000000
-171.771970 32.351872 0.000000
-171.827665 32.343275 0.000000
-171.885316 32.332566 0.000000
-171.952898 32.344482 0.000000
-172.013911 32.333506 0.000000
-172.071456 32.321888 0.000000
-172.134274 32.318818 0.000000
-172.224166 32.360499 0.000000
-172.264661 32.307980 0.000000
-172.333569 32.305019 0.000000
-172.394584 32.287118 0.000000
-172.467057 32.287301 0.000000
-172.541200 32.284100 0.000000
-172.606345 32.268435 0.000000
-172.695599 32.280467 0.000000
-172.761650 32.258369 0.000000
-172.855437 32.268219 0.000000
-172.930491 32.251355 0.000000
-173.014947 32.244546 0.000000
-173.106265 32.237780 0.000000
-173.369450 32.401670 0.000000
-173.495980 32.417026 0.000000
-173.583013 32.388288 0.000000
-173.686587 32.373664 0.000000
-173.769575 32.336945 0.000000
-173.911962 32.343150 0.000000
-173.974898 32.284785 0.000000
-174.068456 32.247453 0.000000
-174.151479 32.197438 0.000000
-174.649093 32.421133 0.000000
-174.666246 32.314258 0.000000
-174.746944 32.249732 0.000000
-174.776893 32.150798 0.000000
-174.750318 32.024418 0.000000
-174.734815 31.907725 0.000000
-174.750163 31.808920 0.000000
-174.702297 31.684518 0.000000
-174.722475 31.590817 0.000000
-174.722619 31.493701 0.000000
-174.708292 31.388171 0.000000
-174.700973 31.290932 0.000000
-174.677747 31.189271 0.000000
-174.680617 31.098878 0.000000
-174.680698 31.006561 0.000000
-174.653768 30.910891 0.000000
-174.650098 30.822631 0.000000
-174.623204 30.728641 0.000000
-174.622448 30.643404 0.000000
-174.616199 30.556980 0.000000
-174.594570 30.469415 0.000000
-174.589679 30.386153 0.000000
-174.597701 30.303603 0.000000
-174.612358 30.221432 0.000000
-174.581430 30.137975 0.000000
-174.575406 30.055511 0.000000
-174.578542 29.974357 0.000000
-174.562864 29.892529 0.000000
-174.574386 29.811009 0.000000
-174.557581 29.729784 0.000000
-174.550935 29.648116 0.000000
-174.548061 29.564964 0.000000
-174.508781 29.489556 0.000000
-174.894288 29.347449 0.000000
-173.151370 29.563117 0.000000
-172.886021 29.564636 0.000000
-172.852011 29.526070 0.000000
-172.845833 29.481395 0.000000
-172.847680 29.434773 0.000000
-172.847854 29.388576 0.000000
-172.838339 29.343199 0.000000
-172.828514 29.300048 0.000000
-172.822601 29.251567 0.000000
-172.819777 29.204281 0.000000
-172.816024 29.157294 0.000000
-172.816545 29.105726 0.000000
-172.807645 29.058297 0.000000
-172.804380 29.006021 0.000000
-172.801973 28.952865 0.000000
-172.790990 28.905478 0.000000
-172.785747 28.851137 0.000000
-172.780608 28.797621 0.000000
-172.770506 28.743924 0.000000
-172.770242 28.684455 0.000000
-172.766910 28.623841 0.000000
-172.766727 28.561371 0.000000
-172.772856 28.489267 0.000000
-172.807721 28.390186 0.000000
-173.956254 27.086854 0.000000
-173.921531 26.988644 0.000000
-173.913397 26.861664 0.000000
-174.040225 26.582709 0.000000
-173.941466 26.540106 0.000000
-173.833378 26.507001 0.000000
-173.467113 26.798021 0.000000
-173.374318 26.768628 0.000000
-173.306197 26.709975 0.000000
-173.238116 26.644913 0.000000
-173.121511 26.655518 0.000000
-173.053568 26.597605 0.000000
-172.983982 26.539221 0.000000
-172.902779 26.499825 0.000000
-172.714201 26.653904 0.000000
-172.633171 26.628252 0.000000
-173.488816 24.713106 0.000000
-173.397889 24.600783 0.000000
-173.250476 24.602739 0.000000
-173.116720 24.591187 0.000000
-172.938364 24.687370 0.000000
-172.816334 24.651639 0.000000
-172.672119 24.683452 0.000000
-172.536791 24.697990 0.000000
-172.411840 24.684886 0.000000
-172.286492 24.677133 0.000000
-172.143381 24.755371 0.000000
-172.022713 24.744819 0.000000
-171.898145 24.766045 0.000000
-171.776929 24.779099 0.000000
-171.649577 24.824720 0.000000
-171.537577 24.791607 0.000000
-171.418490 24.806563 0.000000
-171.299623 24.834204 0.000000
-171.185144 24.811630 0.000000
-171.069916 24.876154 0.000000
-170.954824 24.814173 0.000000
-170.871078 29.161247 0.000000
-170.859066 29.367165 0.000000
-170.845279 29.386613 0.000000
-170.832238 29.396556 0.000000
-170.820677 29.415213 0.000000
-170.811150 29.424253 0.000000
-170.799414 29.431622 0.000000
-170.785245 29.435973 0.000000
-170.774554 29.436047 0.000000
-170.760158 29.438815 0.000000
-170.746727 29.437801 0.000000
-170.732501 29.428434 0.000000
-170.716170 29.421548 0.000000
-170.693935 29.394530 0.000000
-170.492230 29.156746 0.000000
-170.487148 29.193272 0.000000
-170.470164 29.202400 0.000000
-170.450566 29.209478 0.000000
-170.186912 28.905799 0.000000
-170.158247 28.913449 0.000000
-170.126948 28.920044 0.000000
-169.490122 28.268047 0.000000
-169.498890 28.355401 0.000000
-169.504594 28.433639 0.000000
-169.514902 28.513527 0.000000
-169.519837 28.583761 0.000000
-169.525252 28.650360 0.000000
-169.535544 28.719803 0.000000
-169.535355 28.776623 0.000000
-169.542957 28.837775 0.000000
-169.551182 28.894941 0.000000
-169.559926 28.952480 0.000000
-169.560382 28.999267 0.000000
-169.762641 29.190821 0.000000
-170.070907 29.742045 0.000000
-170.183617 29.796682 0.000000
-170.119698 29.795505 0.000000
-170.110944 29.812247 0.000000
-170.080937 29.823885 0.000000
-170.061868 29.837436 0.000000
-169.634450 29.778525 0.000000
-169.640570 29.808047 0.000000
-169.642324 29.837295 0.000000
-169.641085 29.865328 0.000000
-169.647899 29.894578 0.000000
-169.651641 29.923268 0.000000
-169.651326 29.950247 0.000000
-169.657836 29.978272 0.000000
-169.657749 30.007802 0.000000
-169.657781 30.035316 0.000000
-169.659628 30.062084 0.000000
-169.660419 30.090294 0.000000
-169.664265 30.117567 0.000000
-169.667061 30.145618 0.000000
-169.666486 30.173874 0.000000
-169.669222 30.200038 0.000000
-169.673596 30.229090 0.000000
-169.675918 30.257259 0.000000
-169.675808 30.284426 0.000000
-169.678552 30.314337 0.000000
-169.682785 30.341532 0.000000
-169.686612 30.370475 0.000000
-169.779141 30.372473 0.000000
-169.750545 30.409200 0.000000
-169.754954 30.437667 0.000000
-169.756514 30.465442 0.000000
-169.698846 30.521097 0.000000
-169.701981 30.551376 0.000000
-169.704139 30.582225 0.000000
-169.708302 30.613428 0.000000
-169.713108 30.646517 0.000000
-169.880863 30.587373 0.000000
-169.908669 30.602454 0.000000
-169.918894 30.625088 0.000000
-169.940187 30.643076 0.000000
-169.946580 30.670538 0.000000
-169.957536 30.694373 0.000000
-169.978525 30.711868 0.000000
-169.985884 30.738989 0.000000
-169.998631 30.763860 0.000000
-170.000649 30.795690 0.000000
-170.009407 30.821890 0.000000
-169.743112 31.214905 0.000000
