x y z
-0.897448 -1.531310 0.000000
-0.890645 -1.530829 0.000000
-0.881796 -1.529368 0.000000
-0.872238 -1.526937 0.000000
-0.864738 -1.530450 0.000000
-0.852175 -1.530162 0.000000
-0.841738 -1.531444 0.000000
-0.834309 -1.530282 0.000000
-0.954544 -1.399695 0.000000
-0.952768 -1.397397 0.000000
-0.952386 -1.398196 0.000000
-0.950649 -1.395375 0.000000
-0.948396 -1.391463 0.000000
-0.946813 -1.390122 0.000000
-0.942251 -1.384952 0.000000
-0.940065 -1.384406 0.000000
-0.651719 -1.457039 0.000000
-0.658179 -1.442905 0.000000
-0.668105 -1.427874 0.000000
-0.656149 -1.420996 0.000000
-0.652816 -1.412805 0.000000
-0.652342 -1.398316 0.000000
-0.642510 -1.390791 0.000000
-0.623999 -1.382922 0.000000
-0.600652 -1.377029 0.000000
-0.640997 -1.360064 0.000000
-0.667940 -1.346638 0.000000
-0.666799 -1.335924 0.000000
-0.661695 -1.326796 0.000000
-0.709386 -1.315150 0.000000
-0.710912 -1.304256 0.000000
-0.694930 -1.296539 0.000000
-0.684727 -1.287437 0.000000
-0.680227 -1.276435 0.000000
-0.633769 -1.240367 0.000000
-0.633423 -1.229961 0.000000
-0.634498 -1.217912 0.000000
-0.631740 -1.206841 0.000000
-0.628943 -1.194069 0.000000
-0.619154 -1.181059 0.000000
-0.607124 -1.166687 0.000000
-0.599422 -1.149164 0.000000
-0.606364 -1.139080 0.000000
-0.596868 -1.123006 0.000000
-0.601133 -1.109316 0.000000
-0.593354 -1.094904 0.000000
-0.581943 -1.073212 0.000000
-0.569225 -1.051515 0.000000
-0.571894 -1.038744 0.000000
-0.567496 -1.019365 0.000000
-0.541081 -0.985406 0.000000
-0.552642 -0.975751 0.000000
-0.542255 -0.949238 0.000000
1.355981 0.678061 0.000000
1.462608 0.871916 0.000000
1.565939 1.079047 0.000000
1.682258 1.310648 0.000000
1.809562 1.570152 0.000000
1.969379 1.885156 0.000000
-0.731516 -0.900651 0.000000
-0.746604 -0.897946 0.000000
-0.763357 -0.900923 0.000000
-0.779549 -0.901294 0.000000
-0.796016 -0.900415 0.000000
-0.808542 -0.898579 0.000000
-0.819701 -0.890651 0.000000
-0.834201 -0.865679 0.000000
-0.840675 -0.853069 0.000000
-0.859734 -0.859479 0.000000
-0.870902 -0.851484 0.000000
-1.059843 -1.149889 0.000000
-1.064223 -1.147561 0.000000
-1.208216 0.693887 0.000000
-1.243929 0.518305 0.000000
-1.285033 0.471303 0.000000
-1.327374 0.443635 0.000000
-1.374245 0.448239 0.000000
-1.412187 0.412416 0.000000
-1.453635 0.400556 0.000000
-2.536779 3.660620 0.000000
-1.127173 -1.198770 0.000000
-1.128762 -1.203476 0.000000
-1.132803 -1.208227 0.000000
-1.132514 -1.210656 0.000000
-1.134329 -1.214067 0.000000
-1.140076 -1.219624 0.000000
-1.184915 -1.273627 0.000000
-1.233926 -1.296111 0.000000
-1.872306 -1.107026 0.000000
-1.922432 -1.161659 0.000000
-1.953598 -1.176672 0.000000
-1.973418 -1.196666 0.000000
-2.003744 -1.214453 0.000000
-2.003352 -1.239082 0.000000
-2.047299 -1.258161 0.000000
-2.743662 -1.316328 0.000000
-2.661153 -1.357324 0.000000
-2.584441 -1.394429 0.000000
-2.512269 -1.430022 0.000000
-2.449824 -1.459792 0.000000
-2.394954 -1.490121 0.000000
-2.344741 -1.516292 0.000000
-2.289903 -1.540728 0.000000
-2.246274 -1.564454 0.000000
-2.201738 -1.584994 0.000000
-2.161796 -1.605661 0.000000
-2.123165 -1.625219 0.000000
-2.084776 -1.642209 0.000000
-2.047515 -1.659098 0.000000
-2.017553 -1.676413 0.000000
-1.985172 -1.691838 0.000000
-1.954336 -1.705688 0.000000
-1.924922 -1.720905 0.000000
-1.898933 -1.734887 0.000000
-1.868029 -1.745601 0.000000
-1.841525 -1.756887 0.000000
-1.817175 -1.767305 0.000000
-1.354611 -1.523184 0.000000
-1.718565 -1.855928 0.000000
-1.701343 -1.868064 0.000000
-1.679212 -1.878189 0.000000
-1.655827 -1.883667 0.000000
-1.638276 -1.894632 0.000000
-1.611491 -1.897821 0.000000
-1.584377 -1.897477 0.000000
-1.525077 -1.915465 0.000000
-1.509002 -1.924567 0.000000
-1.491377 -1.932679 0.000000
-1.474422 -1.943658 0.000000
-1.457371 -1.949915 0.000000
-1.440798 -1.959752 0.000000
-1.424924 -1.966327 0.000000
-1.408591 -1.975243 0.000000
-1.211828 -1.674123 0.000000
-1.187408 -1.640598 0.000000
-1.166742 -1.613346 0.000000
-1.153277 -1.608875 0.000000
-1.145653 -1.602039 0.000000
-1.135317 -1.595561 0.000000
-1.124475 -1.592526 0.000000
-1.115943 -1.587922 0.000000
-1.109683 -1.584496 0.000000
-1.103242 -1.577689 0.000000
-1.088756 -1.573686 0.000000
-1.083236 -1.572396 0.000000
-1.082655 -1.569932 0.000000
-1.067647 -1.564045 0.000000
-1.061940 -1.551534 0.000000
-1.059824 -1.555495 0.000000
-1.050750 -1.550843 0.000000
-1.051346 -1.551131 0.000000
-1.026759 -1.558390 0.000000
-1.028149 -1.558616 0.000000
-1.015334 -1.554922 0.000000
-1.009508 -1.554085 0.000000
-1.005308 -1.552498 0.000000
-0.998454 -1.550306 0.000000
-0.991980 -1.548006 0.000000
-0.991679 -1.547906 0.000000
-0.980766 -1.544778 0.000000
-0.980255 -1.545920 0.000000
-0.976176 -1.545915 0.000000
-0.963783 -1.542121 0.000000
-0.960291 -1.543223 0.000000
-0.951816 -1.539189 0.000000
-0.952631 -1.542164 0.000000
-0.942189 -1.538113 0.000000
-0.933199 -1.534989 0.000000
-0.931802 -1.537064 0.000000
-0.924489 -1.534057 0.000000
-0.920953 -1.534357 0.000000
-0.910688 -1.529983 0.000000
-0.908528 -1.533993 0.000000
