x y z
-141.038924 36.037200 0.000000
-141.135684 36.040647 0.000000
-141.167291 36.053119 0.000000
-141.212975 36.052906 0.000000
-141.251937 36.056975 0.000000
-141.289202 36.060212 0.000000
-141.632196 35.791104 0.000000
-141.657798 35.789705 0.000000
-141.682902 35.788944 0.000000
-141.702084 35.794774 0.000000
-141.723188 35.797167 0.000000
-141.745393 35.798265 0.000000
-141.768349 35.796665 0.000000
-141.787165 35.798545 0.000000
-141.885300 35.666311 0.000000
-141.899218 35.667474 0.000000
-141.915729 35.667898 0.000000
-141.929972 35.671029 0.000000
-141.943808 35.675262 0.000000
-142.123844 35.302229 0.000000
-141.939579 35.802088 0.000000
-141.954093 35.811620 0.000000
-141.971628 35.813053 0.000000
-142.005534 35.811058 0.000000
-142.023740 35.813506 0.000000
-142.038815 35.814876 0.000000
-142.055299 35.815927 0.000000
-142.072914 35.818294 0.000000
-142.088649 35.817971 0.000000
-142.104768 35.816852 0.000000
-142.120560 35.818115 0.000000
-142.137906 35.819879 0.000000
-142.154065 35.822432 0.000000
-142.170460 35.828127 0.000000
-142.298473 37.541946 0.000000
-142.354638 37.540631 0.000000
-142.408830 37.545741 0.000000
-142.463836 37.542291 0.000000
-142.521157 37.554694 0.000000
-142.576043 37.550552 0.000000
-142.634873 37.563011 0.000000
-142.691858 37.564892 0.000000
-142.749036 37.561889 0.000000
-142.806825 37.559497 0.000000
-142.866382 37.566723 0.000000
-142.929198 37.576416 0.000000
-142.989999 37.575965 0.000000
-143.049744 37.570017 0.000000
-143.120356 37.591181 0.000000
-143.181665 37.587751 0.000000
-143.250909 37.596961 0.000000
-143.316159 37.591702 0.000000
-143.386860 37.598933 0.000000
-143.460244 37.606122 0.000000
-143.525866 37.600033 0.000000
-143.609929 37.617930 0.000000
-143.684498 37.617994 0.000000
-143.774081 37.638868 0.000000
-143.846079 37.629236 0.000000
-143.932249 37.633323 0.000000
-144.022557 37.640554 0.000000
-144.254625 37.836762 0.000000
-144.427611 37.934637 0.000000
-144.461857 37.849049 0.000000
-144.595229 37.885528 0.000000
-144.909060 37.852574 0.000000
-144.996618 37.818090 0.000000
-145.076078 37.772300 0.000000
-145.532033 38.062790 0.000000
-145.560741 37.955959 0.000000
-145.625835 37.882834 0.000000
-145.704325 37.818284 0.000000
-145.712542 37.702096 0.000000
-145.719685 37.587080 0.000000
-145.713928 37.466654 0.000000
-145.740177 37.370518 0.000000
-145.721620 37.248670 0.000000
-145.733749 37.147366 0.000000
-145.740305 37.047606 0.000000
-145.753140 36.951981 0.000000
-145.763779 36.854481 0.000000
-145.755742 36.753572 0.000000
-145.767889 36.662730 0.000000
-145.748406 36.560113 0.000000
-145.772815 36.477127 0.000000
-145.757423 36.380165 0.000000
-145.764645 36.292997 0.000000
-145.784334 36.210665 0.000000
-145.763634 36.118119 0.000000
-145.798940 36.040208 0.000000
-145.804592 35.956673 0.000000
-145.796560 35.869795 0.000000
-145.815253 35.790238 0.000000
-145.811900 35.705794 0.000000
-145.819811 35.624784 0.000000
-145.845145 35.545078 0.000000
-145.830270 35.459642 0.000000
-145.830367 35.376419 0.000000
-145.838140 35.296901 0.000000
-145.842963 35.216137 0.000000
-145.819753 35.134969 0.000000
-146.198244 35.051532 0.000000
-144.608594 35.005719 0.000000
-144.169248 34.972938 0.000000
-144.177239 34.927594 0.000000
-144.177039 34.883142 0.000000
-144.183463 34.837085 0.000000
-144.191457 34.791357 0.000000
-144.188660 34.744592 0.000000
-144.186922 34.699643 0.000000
-144.184667 34.653351 0.000000
-144.185469 34.605955 0.000000
-144.198189 34.554812 0.000000
-144.195372 34.507611 0.000000
-144.201333 34.458363 0.000000
-144.197014 34.409829 0.000000
-144.209175 34.354104 0.000000
-144.205811 34.304876 0.000000
-144.202874 34.254774 0.000000
-144.214243 34.196906 0.000000
-144.211414 34.145390 0.000000
-144.222007 34.082157 0.000000
-144.225786 34.024090 0.000000
-144.223482 33.968597 0.000000
-144.247295 33.895967 0.000000
-144.288965 33.807164 0.000000
-145.608454 32.696269 0.000000
-145.627216 32.567945 0.000000
-145.641153 32.438257 0.000000
-145.799496 32.187411 0.000000
-145.669110 32.161482 0.000000
-145.662414 32.033330 0.000000
-145.394509 32.137362 0.000000
-145.113622 32.272257 0.000000
-145.018873 32.236968 0.000000
-144.955296 32.173161 0.000000
-144.845887 32.161292 0.000000
-144.804705 32.073576 0.000000
-144.763313 31.983363 0.000000
-144.680374 31.946005 0.000000
-144.514360 32.012801 0.000000
-144.389244 32.038434 0.000000
-144.399648 31.876589 0.000000
-145.473487 30.111672 0.000000
-145.336488 30.078683 0.000000
-145.170413 30.098226 0.000000
-145.003971 30.130803 0.000000
-144.870675 30.108992 0.000000
-144.744875 30.076836 0.000000
-144.607683 30.071212 0.000000
-144.469793 30.076638 0.000000
-144.340254 30.065792 0.000000
-144.199330 30.088123 0.000000
-144.064909 30.102511 0.000000
-143.949698 30.066127 0.000000
-143.814960 30.090150 0.000000
-143.703951 30.060504 0.000000
-143.587481 30.035055 0.000000
-143.465138 30.039786 0.000000
-143.358607 29.995458 0.000000
-143.237035 30.005429 0.000000
-143.115234 30.025154 0.000000
-143.000849 30.010490 0.000000
-142.274455 34.266112 0.000000
-142.236813 34.427216 0.000000
-142.215913 34.492923 0.000000
-142.202837 34.495330 0.000000
-142.186487 34.515735 0.000000
-142.173486 34.522780 0.000000
-142.160527 34.530875 0.000000
-142.148766 34.532698 0.000000
-142.137679 34.532710 0.000000
-142.123517 34.533252 0.000000
-142.112197 34.530768 0.000000
-142.097072 34.521724 0.000000
-142.083751 34.509148 0.000000
-142.067007 34.489541 0.000000
-141.983629 34.294946 0.000000
-141.281642 31.783176 0.000000
-141.914588 34.258161 0.000000
-141.895697 34.266552 0.000000
-141.878356 34.274083 0.000000
-141.854416 34.264769 0.000000
-141.639966 33.922731 0.000000
-141.609728 33.927442 0.000000
-141.577224 33.924776 0.000000
-141.028912 33.157105 0.000000
-141.027602 33.253403 0.000000
-141.020062 33.331356 0.000000
-141.020625 33.414214 0.000000
-141.014587 33.485572 0.000000
-141.015093 33.560559 0.000000
-141.009117 33.622234 0.000000
-141.004949 33.685313 0.000000
-141.004568 33.745792 0.000000
-141.001119 33.803515 0.000000
-140.998447 33.855974 0.000000
-140.994812 33.908477 0.000000
-141.167654 34.129755 0.000000
-141.393118 34.727241 0.000000
-141.493902 34.796298 0.000000
-141.442516 34.792062 0.000000
-141.423800 34.803308 0.000000
-141.376017 34.824663 0.000000
-140.955476 34.698209 0.000000
-140.955440 34.728644 0.000000
-140.955759 34.758409 0.000000
-140.954039 34.787643 0.000000
-140.954754 34.819286 0.000000
-140.947772 34.844817 0.000000
-140.948152 34.873491 0.000000
-140.947503 34.903138 0.000000
-140.946953 34.931585 0.000000
-140.944508 34.957972 0.000000
-140.942946 34.986462 0.000000
-140.936616 35.013579 0.000000
-140.938390 35.040906 0.000000
-140.935984 35.069375 0.000000
-140.935728 35.097242 0.000000
-140.931565 35.123853 0.000000
-140.931312 35.152544 0.000000
-140.928452 35.181145 0.000000
-140.928084 35.208012 0.000000
-140.923191 35.236548 0.000000
-140.924092 35.266057 0.000000
-140.922668 35.295731 0.000000
-140.920895 35.323975 0.000000
-140.985561 35.340995 0.000000
-140.983794 35.370454 0.000000
-140.979113 35.400006 0.000000
-140.916584 35.443200 0.000000
-140.913573 35.474362 0.000000
-140.914616 35.507053 0.000000
-140.912338 35.537096 0.000000
-140.909588 35.571404 0.000000
-141.085493 35.536135 0.000000
-141.101326 35.559849 0.000000
-141.115179 35.582441 0.000000
-141.132409 35.601472 0.000000
-141.140653 35.627599 0.000000
-141.144453 35.654179 0.000000
-141.159278 35.676808 0.000000
-141.167451 35.702209 0.000000
-141.174057 35.729679 0.000000
-141.172950 35.761164 0.000000
-141.179111 35.788578 0.000000
-140.883669 36.115024 0.000000
