x y z
-2.094614 -1.209383 0.000000
-2.088186 -1.216056 0.000000
-2.080277 -1.225117 0.000000
-2.073176 -1.233462 0.000000
-2.068395 -1.244186 0.000000
-2.062596 -1.256815 0.000000
-2.052136 -1.274625 0.000000
-2.044117 -1.379083 0.000000
-2.032467 -1.388252 0.000000
-2.020082 -1.397342 0.000000
-1.824534 -2.321961 0.000000
-1.767115 -2.444439 0.000000
-1.731061 -2.421142 0.000000
-1.638620 -2.643980 0.000000
-1.545877 -2.824790 0.000000
-1.499319 -2.811050 0.000000
-1.297683 -3.280349 0.000000
-1.259252 -3.204334 0.000000
-1.515174 -2.341978 0.000000
-1.920052 -1.189511 0.000000
-1.913538 -1.179324 0.000000
-1.908994 -1.171456 0.000000
-1.907074 -1.162995 0.000000
-1.903679 -1.150538 0.000000
-1.907664 -1.136062 0.000000
-1.905729 -1.114318 0.000000
-1.909354 -1.105562 0.000000
-1.909440 -1.099292 0.000000
-1.907919 -1.092101 0.000000
-1.903902 -1.082524 0.000000
-1.901728 -1.074762 0.000000
-1.899289 -1.068264 0.000000
-1.897410 -1.065678 0.000000
-1.890412 -1.059810 0.000000
-1.863305 -1.064310 0.000000
-1.855775 -1.066161 0.000000
-1.843667 -1.062280 0.000000
-1.833210 -1.060516 0.000000
-1.825297 -1.059348 0.000000
-1.817162 -1.057595 0.000000
-1.694152 -1.116485 0.000000
-1.686088 -1.107200 0.000000
-1.653029 -1.075947 0.000000
-1.658414 -1.062931 0.000000
-1.646234 -1.054901 0.000000
-1.631459 -1.047657 0.000000
-1.600779 -1.046653 0.000000
0.114808 -1.431134 0.000000
0.201378 -1.392877 0.000000
0.303081 -1.353556 0.000000
0.404417 -1.309557 0.000000
0.550529 -1.269079 0.000000
0.688746 -1.219554 0.000000
0.849081 -1.163865 0.000000
1.039653 -1.103105 0.000000
1.201657 -1.032184 0.000000
1.421687 -0.955938 0.000000
1.645775 -0.866076 0.000000
1.935158 -0.763580 0.000000
2.224319 -0.646682 0.000000
3.519870 0.876011 0.000000
3.259501 0.939623 0.000000
3.402347 1.144823 0.000000
-1.949137 -0.793494 0.000000
-0.905115 0.768072 0.000000
-0.977588 0.749406 0.000000
-1.044080 0.740244 0.000000
-1.089674 0.759269 0.000000
-1.139394 0.766883 0.000000
-1.184155 0.784423 0.000000
-1.241104 0.776543 0.000000
-2.034796 -0.783936 0.000000
-2.042444 -0.784319 0.000000
-2.044629 -0.786145 0.000000
-2.046229 -0.788111 0.000000
-2.051567 -0.788914 0.000000
-2.053166 -0.789928 0.000000
-2.525969 -0.188004 0.000000
-2.609007 -0.219329 0.000000
-2.639468 -0.215625 0.000000
-2.672872 -0.210492 0.000000
-2.703397 -0.208525 0.000000
-2.744774 -0.197173 0.000000
-3.286185 0.348527 0.000000
-3.303143 0.301354 0.000000
-3.308291 0.247117 0.000000
-3.275107 0.158354 0.000000
-3.245845 0.079730 0.000000
-3.215738 0.005198 0.000000
-3.186280 -0.065309 0.000000
-3.166707 -0.123949 0.000000
-3.146753 -0.178426 0.000000
-3.124217 -0.234644 0.000000
-3.107520 -0.282626 0.000000
-3.088156 -0.330192 0.000000
-3.073983 -0.370762 0.000000
-3.054385 -0.414398 0.000000
-3.040560 -0.451138 0.000000
-3.023503 -0.489059 0.000000
-3.011240 -0.524135 0.000000
-2.999237 -0.557114 0.000000
-2.987746 -0.586942 0.000000
-2.973814 -0.619244 0.000000
-2.961674 -0.647038 0.000000
-2.950420 -0.676427 0.000000
-2.939527 -0.702923 0.000000
-2.927903 -0.727721 0.000000
-2.419151 -0.900375 0.000000
-2.405525 -0.910714 0.000000
-2.394358 -0.919214 0.000000
-2.384662 -0.929316 0.000000
-2.379513 -0.937355 0.000000
-2.371536 -0.946372 0.000000
-2.363601 -0.954539 0.000000
-2.356554 -0.958230 0.000000
-2.350219 -0.964857 0.000000
-2.348181 -0.970564 0.000000
-2.345756 -0.980914 0.000000
-2.343733 -0.984040 0.000000
-2.340730 -0.990715 0.000000
-2.337976 -0.996772 0.000000
-2.334789 -1.005255 0.000000
-2.332643 -1.010728 0.000000
-2.329326 -1.018885 0.000000
-2.326982 -1.023367 0.000000
-2.319275 -1.029847 0.000000
-2.315622 -1.034727 0.000000
-2.312103 -1.044501 0.000000
-2.292670 -1.045058 0.000000
-2.288692 -1.043945 0.000000
-2.285329 -1.048600 0.000000
-2.282407 -1.052788 0.000000
-2.283815 -1.063321 0.000000
-2.275961 -1.071659 0.000000
-2.270901 -1.074131 0.000000
-2.267418 -1.076884 0.000000
-2.263297 -1.079500 0.000000
-2.256812 -1.085384 0.000000
-2.252310 -1.088037 0.000000
-2.248962 -1.090798 0.000000
-2.243147 -1.094464 0.000000
-2.230892 -1.103580 0.000000
-2.226434 -1.106004 0.000000
-2.225913 -1.105785 0.000000
-2.221417 -1.109688 0.000000
-2.218749 -1.113296 0.000000
-2.205935 -1.120773 0.000000
-2.207917 -1.119455 0.000000
-2.203964 -1.122354 0.000000
-2.197920 -1.125535 0.000000
-2.188994 -1.130959 0.000000
-2.186784 -1.132720 0.000000
-2.180410 -1.136272 0.000000
-2.169741 -1.141502 0.000000
-2.171260 -1.141655 0.000000
-2.160438 -1.147465 0.000000
-2.158241 -1.149628 0.000000
-2.153972 -1.151693 0.000000
-2.151234 -1.155001 0.000000
-2.145022 -1.160107 0.000000
-2.138116 -1.164138 0.000000
-2.130985 -1.169009 0.000000
-2.126182 -1.174167 0.000000
-2.123738 -1.178744 0.000000
-2.117838 -1.184651 0.000000
-2.113227 -1.189691 0.000000
-2.110085 -1.194937 0.000000
-2.103601 -1.200769 0.000000
