x y z
1.313108 -0.562871 0.000000
1.293120 -0.474332 0.000000
1.303345 -0.449273 0.000000
1.378286 -0.435305 0.000000
1.394378 -0.410527 0.000000
1.412249 -0.385093 0.000000
1.425772 -0.357149 0.000000
1.439810 -0.330202 0.000000
1.454658 -0.300623 0.000000
1.273804 -0.260467 0.000000
1.268583 -0.235819 0.000000
1.267065 -0.209821 0.000000
1.266483 -0.184773 0.000000
1.267862 -0.159913 0.000000
1.273004 -0.135577 0.000000
1.272056 -0.110603 0.000000
1.279285 -0.084888 0.000000
1.279518 -0.058130 0.000000
1.288667 -0.032279 0.000000
1.304736 -0.002592 0.000000
1.768470 0.188731 0.000000
1.521216 0.162460 0.000000
1.490489 0.188449 0.000000
1.449223 0.207898 0.000000
1.416387 0.228373 0.000000
1.379145 0.248002 0.000000
1.347098 0.266799 0.000000
1.318375 0.286319 0.000000
2.015255 0.727493 0.000000
0.891998 0.197322 0.000000
0.862781 0.205138 0.000000
0.845769 0.214998 0.000000
0.827734 0.226699 0.000000
0.811406 0.239067 0.000000
0.791794 0.247074 0.000000
0.775312 0.258995 0.000000
0.760916 0.268314 0.000000
0.745511 0.280709 0.000000
0.609050 0.192717 0.000000
0.592245 0.198357 0.000000
0.580892 0.206791 0.000000
0.570923 0.216227 0.000000
0.557652 0.222174 0.000000
0.285537 -0.027524 0.000000
0.625876 0.331943 0.000000
0.618209 0.350163 0.000000
0.599440 0.355285 0.000000
0.580308 0.356048 0.000000
0.571033 0.372424 0.000000
0.557436 0.379740 0.000000
0.543504 0.389306 0.000000
0.528417 0.397074 0.000000
0.513661 0.404480 0.000000
0.499175 0.413037 0.000000
0.485686 0.422604 0.000000
0.471252 0.426615 0.000000
0.456101 0.435670 0.000000
0.442826 0.445597 0.000000
0.429898 0.457711 0.000000
0.971847 2.096348 0.000000
0.924945 2.129929 0.000000
0.872619 2.146372 0.000000
0.827460 2.190189 0.000000
0.778522 2.214082 0.000000
0.724796 2.237711 0.000000
0.672038 2.258246 0.000000
0.620264 2.289560 0.000000
0.569841 2.325959 0.000000
0.515109 2.351166 0.000000
0.460238 2.375599 0.000000
0.407203 2.425215 0.000000
0.349097 2.445388 0.000000
0.295274 2.524837 0.000000
0.233054 2.508044 0.000000
0.173149 2.540837 0.000000
0.111727 2.587800 0.000000
0.048248 2.607364 0.000000
-0.017495 2.666970 0.000000
-0.082342 2.687684 0.000000
-0.152210 2.732161 0.000000
-0.221674 2.760891 0.000000
-0.294888 2.792695 0.000000
-0.372128 2.852955 0.000000
-0.452086 2.905926 0.000000
-0.575861 3.162498 0.000000
-0.693051 3.329134 0.000000
-0.766452 3.287013 0.000000
-0.859091 3.317301 0.000000
-0.969022 3.403177 0.000000
-1.163805 3.448931 0.000000
-1.258165 3.452221 0.000000
-1.247054 3.184884 0.000000
-1.564972 3.729428 0.000000
-1.720113 3.840639 0.000000
-1.814975 3.810200 0.000000
-1.915190 3.788905 0.000000
-1.968693 3.673310 0.000000
-2.020786 3.567034 0.000000
-2.082533 3.478063 0.000000
-2.144322 3.397329 0.000000
-2.167243 3.256432 0.000000
-2.233796 3.188723 0.000000
-2.282574 3.099821 0.000000
-2.327173 3.004929 0.000000
-2.374190 2.920095 0.000000
-2.419026 2.833502 0.000000
-2.466177 2.750490 0.000000
-2.513306 2.671148 0.000000
-2.565969 2.599329 0.000000
-2.598152 2.509496 0.000000
-2.647023 2.436683 0.000000
-2.669516 2.342051 0.000000
-2.714259 2.266939 0.000000
-2.761373 2.196079 0.000000
-2.804683 2.125339 0.000000
-2.845917 2.052294 0.000000
-2.893022 1.980374 0.000000
-2.934430 1.909700 0.000000
-2.977676 1.839357 0.000000
-2.992800 1.750200 0.000000
-3.045062 1.686346 0.000000
-3.078508 1.609975 0.000000
-3.117605 1.537113 0.000000
-3.155703 1.464888 0.000000
-3.225475 1.408008 0.000000
-3.626071 1.501074 0.000000
-1.890487 0.638766 0.000000
-1.763651 0.533257 0.000000
-1.790210 0.495033 0.000000
-1.823454 0.457406 0.000000
-1.844567 0.417339 0.000000
-1.861758 0.373967 0.000000
-1.880798 0.330327 0.000000
-1.901028 0.287848 0.000000
-1.927543 0.246975 0.000000
-1.948327 0.202994 0.000000
-1.973580 0.159302 0.000000
-1.993529 0.115186 0.000000
-2.018247 0.071161 0.000000
-2.035410 0.024856 0.000000
-2.073230 -0.020065 0.000000
-2.092485 -0.068991 0.000000
-2.121050 -0.116350 0.000000
-2.147845 -0.164902 0.000000
-2.164338 -0.215861 0.000000
-2.198205 -0.266608 0.000000
-2.220641 -0.319700 0.000000
-2.264352 -0.374583 0.000000
-2.338707 -0.433485 0.000000
-4.023191 -0.839671 0.000000
-4.065103 -0.943336 0.000000
-4.172343 -1.058786 0.000000
-4.209527 -1.165975 0.000000
-4.314299 -1.292086 0.000000
-4.376389 -1.416886 0.000000
-4.333096 -1.514266 0.000000
-3.778097 -1.451612 0.000000
-3.743978 -1.536830 0.000000
-3.692501 -1.615496 0.000000
-3.627974 -1.686869 0.000000
-3.609747 -1.775806 0.000000
-3.600645 -1.872030 0.000000
-3.515325 -1.931620 0.000000
-3.389286 -1.970868 0.000000
-3.232206 -1.987782 0.000000
-3.254558 -2.096026 0.000000
-4.955723 -3.324044 0.000000
-4.848913 -3.413863 0.000000
-4.701231 -3.473962 0.000000
-4.525606 -3.509481 0.000000
-4.421821 -3.591273 0.000000
-4.297207 -3.656896 0.000000
-4.184402 -3.728707 0.000000
-4.067608 -3.792638 0.000000
-3.954111 -3.854659 0.000000
-3.829228 -3.905485 0.000000
-3.693380 -3.942108 0.000000
-3.588762 -4.005885 0.000000
-3.482339 -4.068022 0.000000
-3.372908 -4.122801 0.000000
-3.277617 -4.189617 0.000000
-3.168561 -4.241128 0.000000
-3.077903 -4.313944 0.000000
-0.173998 -0.689943 0.000000
-0.151078 -0.678801 0.000000
-0.134473 -0.675726 0.000000
-0.116345 -0.672002 0.000000
-0.101818 -0.669629 0.000000
-0.087542 -0.666546 0.000000
-0.076306 -0.668650 0.000000
-0.066318 -0.674577 0.000000
-0.057505 -0.683513 0.000000
-0.053316 -0.695454 0.000000
-0.044616 -0.706260 0.000000
-0.034274 -0.714167 0.000000
-0.030042 -0.735828 0.000000
-0.026598 -0.755469 0.000000
-0.022376 -0.790489 0.000000
-0.021174 -0.825204 0.000000
-0.009784 -0.839817 0.000000
-0.004320 -0.875842 0.000000
0.018615 -1.473406 0.000000
0.045738 -1.473084 0.000000
0.071802 -1.485642 0.000000
0.100142 -1.495949 0.000000
0.126467 -1.506354 0.000000
0.257861 -2.528485 0.000000
0.303885 -2.437778 0.000000
0.345076 -2.356342 0.000000
0.385713 -2.284421 0.000000
0.421187 -2.205765 0.000000
0.456513 -2.145819 0.000000
0.488719 -2.076769 0.000000
0.521455 -2.025963 0.000000
0.549866 -1.965406 0.000000
0.579659 -1.915633 0.000000
0.607517 -1.869297 0.000000
0.631061 -1.816279 0.000000
0.655698 -1.771200 0.000000
0.592356 -1.476799 0.000000
0.647779 -0.862783 0.000000
0.588837 -0.759046 0.000000
0.613833 -0.763464 0.000000
0.659145 -0.790854 0.000000
0.669109 -0.776580 0.000000
0.701343 -0.787244 0.000000
1.051456 -1.038251 0.000000
1.065818 -1.014437 0.000000
1.081355 -0.990974 0.000000
1.093141 -0.964771 0.000000
1.105851 -0.940445 0.000000
1.118220 -0.917717 0.000000
1.131991 -0.893712 0.000000
1.148200 -0.872147 0.000000
1.158985 -0.846795 0.000000
1.172985 -0.824638 0.000000
1.183814 -0.800316 0.000000
1.195861 -0.775632 0.000000
1.212490 -0.753232 0.000000
1.224871 -0.730781 0.000000
1.235578 -0.706438 0.000000
1.250191 -0.681565 0.000000
1.261434 -0.657314 0.000000
1.273002 -0.634850 0.000000
1.286257 -0.609663 0.000000
1.302044 -0.586784 0.000000
