x y z
-2.157968 -1.243340 0.000000
-2.152556 -1.245838 0.000000
-2.144222 -1.249446 0.000000
-2.132474 -1.251737 0.000000
-2.126212 -1.255914 0.000000
-2.116834 -1.259953 0.000000
-2.107005 -1.264765 0.000000
-2.100026 -1.271503 0.000000
-2.068816 -1.291780 0.000000
-2.060049 -1.285697 0.000000
-2.050585 -1.286870 0.000000
-2.038262 -1.284439 0.000000
-2.029778 -1.285508 0.000000
-2.020295 -1.288518 0.000000
-2.009159 -1.295339 0.000000
-1.995689 -1.309610 0.000000
-1.490423 -3.262498 0.000000
-1.675258 -2.340213 0.000000
-1.322646 -3.189211 0.000000
-1.325909 -2.997409 0.000000
-1.310944 -2.876097 0.000000
-1.546640 -2.154675 0.000000
-1.911847 -1.229109 0.000000
-1.908815 -1.216430 0.000000
-1.903701 -1.205194 0.000000
-1.900899 -1.189479 0.000000
-1.904558 -1.162661 0.000000
-1.901133 -1.151474 0.000000
-1.900842 -1.141992 0.000000
-1.896764 -1.133232 0.000000
-1.893493 -1.123209 0.000000
-1.890923 -1.114124 0.000000
-1.888059 -1.105508 0.000000
-1.882200 -1.097514 0.000000
-1.875749 -1.096002 0.000000
-1.865619 -1.092958 0.000000
-1.856743 -1.092453 0.000000
-1.845065 -1.091921 0.000000
-1.733375 -1.128451 0.000000
-1.728531 -1.121624 0.000000
-1.725855 -1.110398 0.000000
-1.718523 -1.101548 0.000000
-1.647680 -1.104815 0.000000
-1.528469 -1.100886 0.000000
-1.559667 -1.073481 0.000000
-1.551555 -1.060450 0.000000
-1.545447 -1.048403 0.000000
-1.534456 -1.036270 0.000000
-1.512217 -1.028156 0.000000
0.786643 -1.396155 0.000000
0.935718 -1.347995 0.000000
1.132750 -1.296530 0.000000
1.324252 -1.235073 0.000000
1.590024 -1.171197 0.000000
1.846516 -1.095125 0.000000
2.150599 -1.007030 0.000000
3.626687 0.386890 0.000000
3.423395 0.487686 0.000000
3.528373 0.662877 0.000000
-1.634270 -0.697875 0.000000
-1.957113 -0.773303 0.000000
-1.956790 -0.767171 0.000000
-1.956075 -0.760518 0.000000
-0.750724 0.640660 0.000000
-0.828996 0.626382 0.000000
-0.895582 0.624447 0.000000
-0.943752 0.640761 0.000000
-0.978373 0.672011 0.000000
-1.000964 0.723350 0.000000
-1.091083 0.674061 0.000000
-1.143002 0.679021 0.000000
-2.040869 -0.755039 0.000000
-2.044957 -0.756201 0.000000
-2.052855 -0.755759 0.000000
-2.054181 -0.757719 0.000000
-2.059957 -0.758009 0.000000
-2.061284 -0.758980 0.000000
-2.131299 -0.762394 0.000000
-2.133614 -0.761329 0.000000
-2.152039 -0.732995 0.000000
-2.181019 -0.740143 0.000000
-2.474372 -0.121274 0.000000
-2.560331 -0.142613 0.000000
-2.587483 -0.142977 0.000000
-2.612156 -0.144751 0.000000
-2.651774 -0.126478 0.000000
-2.753555 -0.029508 0.000000
-3.219008 0.387604 0.000000
-3.195635 0.297341 0.000000
-3.173936 0.216695 0.000000
-3.154461 0.143332 0.000000
-3.130121 0.068928 0.000000
-3.111773 0.003950 0.000000
-3.098056 -0.052904 0.000000
-3.081057 -0.107503 0.000000
-3.065993 -0.158983 0.000000
-3.050170 -0.208704 0.000000
-3.040974 -0.251411 0.000000
-3.024830 -0.295866 0.000000
-3.014664 -0.335231 0.000000
-3.004286 -0.371689 0.000000
-2.991930 -0.407998 0.000000
-2.982268 -0.441704 0.000000
-2.973755 -0.473548 0.000000
-2.963067 -0.505169 0.000000
-2.954014 -0.536542 0.000000
-2.945999 -0.563440 0.000000
-2.936510 -0.593093 0.000000
-2.926945 -0.618187 0.000000
-2.923469 -0.643629 0.000000
-2.923528 -0.752087 0.000000
-2.920513 -0.774536 0.000000
-2.917146 -0.796711 0.000000
-2.901177 -0.818949 0.000000
-2.901583 -0.839138 0.000000
-2.887786 -0.861057 0.000000
-2.866153 -0.881399 0.000000
-2.853267 -0.900604 0.000000
-2.842224 -0.917826 0.000000
-2.838793 -0.938558 0.000000
-2.832750 -0.956879 0.000000
-2.826038 -0.974700 0.000000
-2.823062 -0.991413 0.000000
-2.816558 -1.010156 0.000000
-2.813270 -1.026702 0.000000
-2.806183 -1.045894 0.000000
-2.802711 -1.061719 0.000000
-2.798604 -1.079465 0.000000
-2.793815 -1.097044 0.000000
-2.786902 -1.115635 0.000000
-2.782729 -1.132402 0.000000
-2.778115 -1.150593 0.000000
-2.773175 -1.168989 0.000000
-2.768187 -1.185071 0.000000
-2.762480 -1.204721 0.000000
-2.758278 -1.223506 0.000000
-2.753529 -1.241800 0.000000
-2.748089 -1.260904 0.000000
-2.741785 -1.278557 0.000000
-2.737566 -1.296761 0.000000
-2.731615 -1.315926 0.000000
-2.728535 -1.336695 0.000000
-2.624017 -1.288224 0.000000
-2.611039 -1.298860 0.000000
-2.605272 -1.315051 0.000000
-2.598678 -1.333111 0.000000
-2.595727 -1.350213 0.000000
-2.589817 -1.370296 0.000000
-2.592742 -1.394326 0.000000
-2.594779 -1.421523 0.000000
-2.578265 -1.432244 0.000000
-2.560133 -1.442345 0.000000
-2.547883 -1.453412 0.000000
-2.536222 -1.468598 0.000000
-2.526740 -1.486878 0.000000
-2.621151 -1.729473 0.000000
-2.363663 -1.393380 0.000000
-2.338977 -1.380291 0.000000
-2.318372 -1.372224 0.000000
-2.211423 -1.181957 0.000000
-2.199748 -1.180326 0.000000
-2.189824 -1.180121 0.000000
-2.180358 -1.178438 0.000000
-2.173405 -1.176581 0.000000
-2.163455 -1.176910 0.000000
-2.155738 -1.176169 0.000000
-2.151169 -1.176133 0.000000
