1.89 -0.25 0
1.74 -0.19 0
1.74 -0.16 0
1.75 -0.14 0
1.74 -0.12 0
1.75 -0.1 0
1.75 -0.08 0
1.75 -0.06 0
1.75 -0.03 0
1.75 -0.01 0
1.75 0.01 0
1.75 0.03 0
1.75 0.05 0
1.75 0.07 0
0.33 0.04 0
1.75 0.12 0
1.75 0.14 0
1.75 0.16 0
1.76 0.18 0
1.76 0.21 0
1.75 0.23 0
1.75 0.25 0
1.78 0.28 0
1.76 0.29 0
1.75 0.32 0
1.76 0.34 0
1.76 0.36 0
1.76 0.38 0
1.76 0.41 0
1.76 0.43 0
1.76 0.45 0
1.76 0.48 0
1.76 0.5 0
1.76 0.52 0
1.76 0.55 0
1.76 0.57 0
1.76 0.59 0
1.76 0.62 0
1.76 0.64 0
1.76 0.67 0
1.76 0.69 0
1.76 0.71 0
1.76 0.74 0
1.76 0.77 0
1.76 0.79 0
1.76 0.82 0
1.77 0.85 0
1.76 0.87 0
1.77 0.9 0
1.77 0.93 0
1.77 0.96 0
1.77 0.99 0
1.77 1.01 0
1.76 1.04 0
1.76 1.07 0
1.77 1.1 0
1.77 1.13 0
1.77 1.16 0
1.77 1.2 0
1.77 1.23 0
1.77 1.26 0
1.77 1.3 0
1.78 1.33 0
1.78 1.37 0
1.77 1.39 0
1.77 1.43 0
1.77 1.46 0
1.76 1.5 0
1.77 1.54 0
1.77 1.58 0
1.76 1.61 0
1.77 1.66 0
1.77 1.7 0
1.77 1.74 0
1.77 1.79 0
1.78 1.84 0
1.78 1.88 0
1.77 1.93 0
1.78 1.98 0
1.77 2.03 0
1.77 2.08 0
1.77 2.14 0
1.78 2.2 0
1.79 2.25 0
1.79 2.32 0
1.79 2.38 0
1.79 2.44 0
1.76 2.47 0
1.74 2.49 0
1.72 2.53 0
1.69 2.56 0
1.66 2.58 0
1.64 2.62 0
1.61 2.65 0
1.59 2.69 0
1.57 2.72 0
1.54 2.76 0
1.51 2.79 0
1.49 2.82 0
1.46 2.85 0
1.43 2.89 0
1.4 2.91 0
1.38 2.98 0
1.35 3.01 0
1.32 3.03 0
1.28 3.04 0
1.24 3.05 0
1.19 3.04 0
1.15 3.05 0
1.11 3.05 0
1.06 3.04 0
1.02 3.03 0
0.98 3.06 0
0.94 3.04 0
0.9 3.05 0
0.86 3.04 0
0.82 3.04 0
0.78 3.05 0
0.74 3.05 0
0.7 3.05 0
0.66 3.05 0
0.62 3.04 0
0.58 3.04 0
0.54 3.05 0
0.5 3.05 0
0.46 3.05 0
0.43 3.06 0
0.39 3.04 0
0.35 3.04 0
0.31 3.04 0
0.27 3.03 0
0.23 3.04 0
0.2 3.05 0
0.16 3.04 0
0.12 3.04 0
0.08 3.04 0
0.04 2.95 0
0.01 2.94 0
-0.03 2.95 0
-0.07 2.95 0
-0.1 2.95 0
-0.14 2.95 0
-0.17 2.78 0
-0.17 2.27 0
-0.17 1.97 0
-0.18 1.72 0
-0.2 1.72 0
-0.18 1.37 0
-0.18 1.25 0
-0.18 1.15 0
-0.18 1.05 0
-0.19 0.98 0
-0.19 0.91 0
-0.19 0.85 0
-0.19 0.8 0
-0.19 0.75 0
-0.19 0.71 0
-0.19 0.67 0
-0.19 0.64 0
-0.19 0.61 0
-0.19 0.58 0
-0.19 0.56 0
-0.19 0.53 0
-0.19 0.51 0
-0.19 0.49 0
-0.19 0.47 0
-0.19 0.45 0
-0.19 0.44 0
-0.19 0.42 0
-0.19 0.41 0
-0.19 0.39 0
-0.19 0.38 0
-0.19 0.37 0
-0.19 0.36 0
-0.19 0.34 0
-0.19 0.33 0
-0.19 0.32 0
-0.19 0.31 0
-0.19 0.3 0
-0.19 0.29 0
-0.19 0.28 0
-0.19 0.28 0
-0.19 0.26 0
-0.19 0.26 0
-0.19 0.25 0
-0.19 0.24 0
-0.19 0.24 0
-0.19 0.23 0
-0.19 0.22 0
-0.19 0.21 0
-0.19 0.21 0
-0.19 0.21 0
-0.19 0.2 0
-0.19 0.19 0
-0.19 0.19 0
-0.19 0.18 0
-0.19 0.17 0
-0.19 0.17 0
-0.19 0.16 0
-0.19 0.16 0
-0.19 0.16 0
-0.19 0.15 0
-0.19 0.15 0
-0.19 0.14 0
-0.19 0.14 0
-0.19 0.14 0
-0.19 0.13 0
-0.19 0.12 0
-0.19 0.13 0
-0.19 0.12 0
-0.19 0.12 0
-0.19 0.11 0
-0.19 0.11 0
-0.19 0.1 0
-0.19 0.1 0
-0.19 0.1 0
-0.19 0.1 0
-0.19 0.09 0
-0.19 0.09 0
-0.19 0.09 0
-0.19 0.08 0
-0.19 0.08 0
-0.19 0.08 0
-0.19 0.07 0
-0.19 0.07 0
-0.19 0.07 0
-0.19 0.07 0
-0.19 0.06 0
-0.19 0.06 0
-0.18 0.06 0
-0.19 0.06 0
-0.19 0.05 0
-0.19 0.05 0
-0.18 0.05 0
-0.19 0.05 0
-0.18 0.04 0
-0.18 0.04 0
-0.18 0.04 0
-0.18 0.04 0
-0.18 0.03 0
-0.18 0.03 0
-0.18 0.03 0
-0.18 0.03 0
-0.18 0.02 0
-0.18 0.02 0
-0.18 0.02 0
-0.18 0.02 0
-0.18 0.02 0
-0.18 0.01 0
-0.18 0.01 0
-0.18 0.01 0
-0.18 0.01 0
-0.18 0.0 0
-0.18 0.0 0
-0.18 -0.0 0
-0.18 -0.0 0
-0.18 -0.0 0
-0.18 -0.01 0
-0.18 -0.01 0
-0.18 -0.01 0
-0.18 -0.01 0
-0.18 -0.02 0
-0.18 -0.02 0
-0.18 -0.02 0
-0.18 -0.02 0
-0.18 -0.03 0
-0.18 -0.03 0
-0.18 -0.03 0
-0.18 -0.03 0
-0.18 -0.04 0
-0.18 -0.04 0
-0.18 -0.04 0
-0.18 -0.04 0
-0.18 -0.04 0
-0.18 -0.05 0
-0.18 -0.05 0
-0.18 -0.05 0
-0.18 -0.05 0
-0.18 -0.06 0
-0.18 -0.06 0
-0.18 -0.06 0
-0.18 -0.06 0
-0.18 -0.07 0
-0.18 -0.07 0
-0.18 -0.07 0
-0.18 -0.07 0
-0.19 -0.07 0
-0.18 -0.08 0
-0.19 -0.08 0
-0.18 -0.09 0
-0.18 -0.09 0
-0.18 -0.09 0
-0.18 -0.09 0
-0.19 -0.09 0
-0.18 -0.1 0
-0.19 -0.1 0
-0.19 -0.11 0
-0.18 -0.11 0
-0.19 -0.11 0
-0.19 -0.11 0
-0.19 -0.11 0
-0.18 -0.12 0
-0.18 -0.12 0
-0.19 -0.12 0
-0.18 -0.13 0
-0.19 -0.13 0
-0.18 -0.14 0
-0.19 -0.14 0
-0.18 -0.15 0
-0.19 -0.14 0
-0.19 -0.15 0
-0.18 -0.16 0
-0.19 -0.15 0
-0.19 -0.16 0
-0.19 -0.16 0
-0.19 -0.17 0
-0.19 -0.17 0
-0.19 -0.17 0
-0.19 -0.18 0
-0.19 -0.19 0
-0.19 -0.19 0
-0.19 -0.19 0
-0.19 -0.2 0
-0.19 -0.2 0
-0.19 -0.2 0
-0.18 -0.2 0
-0.17 -0.2 0
-0.16 -0.21 0
-0.16 -0.21 0
-0.16 -0.21 0
-0.15 -0.21 0
-0.15 -0.2 0
-0.14 -0.21 0
-0.14 -0.2 0
-0.14 -0.21 0
-0.13 -0.2 0
-0.13 -0.21 0
-0.12 -0.21 0
-0.12 -0.2 0
-0.11 -0.21 0
-0.11 -0.21 0
-0.11 -0.21 0
-0.1 -0.21 0
-0.1 -0.21 0
-0.1 -0.21 0
-0.1 -0.2 0
-0.09 -0.2 0
-0.09 -0.2 0
-0.08 -0.21 0
-0.08 -0.2 0
-0.08 -0.21 0
-0.08 -0.2 0
-0.07 -0.21 0
-0.07 -0.21 0
-0.07 -0.2 0
-0.06 -0.21 0
-0.06 -0.2 0
-0.06 -0.21 0
-0.06 -0.2 0
-0.05 -0.2 0
-0.05 -0.2 0
-0.05 -0.2 0
-0.04 -0.2 0
-0.04 -0.2 0
-0.04 -0.2 0
-0.04 -0.2 0
-0.03 -0.2 0
-0.03 -0.2 0
-0.03 -0.2 0
-0.03 -0.2 0
-0.02 -0.2 0
-0.02 -0.2 0
-0.02 -0.2 0
-0.02 -0.2 0
-0.01 -0.2 0
-0.01 -0.2 0
-0.01 -0.2 0
-0.0 -0.2 0
-0.0 -0.2 0
0.0 -0.2 0
0.0 -0.2 0
0.01 -0.2 0
0.01 -0.2 0
0.01 -0.2 0
0.01 -0.21 0
0.02 -0.21 0
0.02 -0.21 0
0.02 -0.2 0
0.02 -0.21 0
0.03 -0.21 0
0.03 -0.21 0
0.03 -0.21 0
0.03 -0.21 0
0.03 -0.21 0
0.04 -0.21 0
0.04 -0.2 0
0.04 -0.21 0
0.04 -0.21 0
0.05 -0.21 0
0.05 -0.21 0
0.05 -0.21 0
0.06 -0.21 0
0.06 -0.21 0
0.06 -0.21 0
0.07 -0.21 0
0.07 -0.21 0
0.07 -0.21 0
0.07 -0.21 0
0.07 -0.21 0
0.08 -0.21 0
0.08 -0.21 0
0.09 -0.21 0
0.09 -0.21 0
0.09 -0.21 0
0.1 -0.21 0
0.1 -0.21 0
0.1 -0.21 0
0.1 -0.21 0
0.11 -0.21 0
0.11 -0.21 0
0.11 -0.21 0
0.11 -0.21 0
0.12 -0.21 0
0.12 -0.21 0
0.12 -0.21 0
0.13 -0.21 0
0.13 -0.21 0
0.13 -0.21 0
0.14 -0.21 0
0.14 -0.21 0
0.14 -0.21 0
0.15 -0.21 0
0.15 -0.21 0
0.16 -0.21 0
0.16 -0.21 0
0.16 -0.21 0
0.17 -0.21 0
0.17 -0.21 0
0.18 -0.21 0
0.18 -0.22 0
0.18 -0.21 0
0.19 -0.22 0
0.2 -0.21 0
0.2 -0.22 0
0.2 -0.22 0
0.21 -0.22 0
0.21 -0.22 0
0.22 -0.21 0
0.22 -0.22 0
0.23 -0.22 0
0.24 -0.22 0
0.24 -0.22 0
0.25 -0.22 0
0.25 -0.22 0
0.26 -0.22 0
0.26 -0.22 0
0.27 -0.22 0
0.28 -0.22 0
0.29 -0.22 0
0.29 -0.22 0
0.3 -0.22 0
0.31 -0.22 0
0.31 -0.22 0
0.32 -0.22 0
0.33 -0.22 0
0.34 -0.22 0
0.35 -0.22 0
0.36 -0.22 0
0.37 -0.22 0
0.38 -0.22 0
0.39 -0.22 0
0.4 -0.22 0
0.41 -0.23 0
0.42 -0.22 0
0.43 -0.22 0
0.45 -0.23 0
0.46 -0.23 0
0.47 -0.23 0
0.49 -0.23 0
0.5 -0.23 0
0.52 -0.23 0
0.54 -0.23 0
0.56 -0.23 0
0.57 -0.23 0
0.6 -0.23 0
0.62 -0.23 0
0.64 -0.23 0
0.66 -0.23 0
0.69 -0.23 0
0.72 -0.23 0
0.75 -0.23 0
0.78 -0.23 0
0.82 -0.23 0
0.86 -0.23 0
0.9 -0.24 0
0.95 -0.24 0
1.0 -0.24 0
1.06 -0.24 0
1.12 -0.24 0
1.19 -0.24 0
1.26 -0.24 0
1.35 -0.24 0
1.45 -0.24 0
1.71 -0.25 0
