352.5128 1903.0 188
353.9355 1752.0 188
354.6387 1749.0 188
355.3418 1751.0 188
356.0614 1749.0 188
356.7645 1749.0 188
357.4677 1750.0 188
358.1873 1748.0 188
358.8904 1749.0 188
359.6045 1751.0 188
0.3076 1750.0 188
1.0107 1753.0 188
1.7303 1752.0 188
2.4335 1753.0 188
6.8884 330.0 188
3.8562 1756.0 188
4.5593 1756.0 188
5.2789 1757.0 188
5.9821 1765.0 188
6.6852 1769.0 188
7.3883 1763.0 188
8.0914 1771.0 188
8.7946 1804.0 188
9.4977 1782.0 188
10.2008 1783.0 188
10.9039 1789.0 188
11.6071 1798.0 188
12.3102 1802.0 188
13.0298 1806.0 188
13.7329 1809.0 188
14.4360 1813.0 188
15.1392 1821.0 188
15.8423 1826.0 188
16.5454 1837.0 188
17.2485 1842.0 188
17.9517 1846.0 188
18.6548 1859.0 188
19.3579 1865.0 188
20.0610 1878.0 188
20.7806 1883.0 188
21.4838 1888.0 188
22.0605 1902.0 188
22.8900 1910.0 188
23.5931 1923.0 188
24.1699 1930.0 188
24.9994 1947.0 188
25.5762 1962.0 188
26.2793 1968.0 188
26.9824 1984.0 188
27.7020 1995.0 188
28.4052 2008.0 188
29.1083 2027.0 188
29.8279 2040.0 188
30.5310 2048.0 188
31.2451 2059.0 188
31.9482 2087.0 188
32.6514 2099.0 188
33.3710 2116.0 188
34.0741 2139.0 188
34.7937 2151.0 188
35.4968 2172.0 188
36.2000 2194.0 188
36.9196 2221.0 188
37.6227 2242.0 188
38.2159 2252.0 188
39.0454 2274.0 188
39.6222 2292.0 188
40.3418 2315.0 188
41.0449 2346.0 188
41.7645 2370.0 188
42.4677 2389.0 188
43.1708 2423.0 188
43.8904 2451.0 188
44.5935 2482.0 188
45.3076 2515.0 188
46.0107 2556.0 188
46.7139 2589.0 188
47.4335 2615.0 188
48.1366 2661.0 188
48.8562 2691.0 188
49.5593 2736.0 188
50.2789 2777.0 188
50.9821 2826.0 188
51.5588 2872.0 188
52.2784 2928.0 188
53.1079 2978.0 188
53.7012 3031.0 188
54.4043 3032.0 188
55.1239 3037.0 188
55.8270 3061.0 188
56.5302 3065.0 188
57.2498 3073.0 188
57.9529 3088.0 188
58.6670 3101.0 188
59.3701 3130.0 188
60.0897 3140.0 188
60.7928 3160.0 188
61.5125 3174.0 188
62.2156 3187.0 188
62.9187 3202.0 188
63.6383 3225.0 188
64.3414 3232.0 188
65.0610 3282.0 188
65.7642 3296.0 188
66.4838 3309.0 188
67.1869 3300.0 188
67.8900 3287.0 188
68.6041 3262.0 188
69.3073 3255.0 188
70.0269 3250.0 188
70.7300 3219.0 188
71.4496 3196.0 188
72.1527 3210.0 188
72.8723 3181.0 188
73.5754 3177.0 188
74.2786 3161.0 188
74.9817 3150.0 188
75.7013 3148.0 188
76.4044 3142.0 188
77.1075 3124.0 188
77.8271 3124.0 188
78.5303 3102.0 188
79.2334 3099.0 188
79.9530 3100.0 188
80.6561 3088.0 188
81.3593 3086.0 188
82.0734 3089.0 188
82.7765 3064.0 188
83.4796 3058.0 188
84.1992 3054.0 188
84.9023 3047.0 188
85.6055 3047.0 188
86.3086 3061.0 188
87.0282 3045.0 188
87.7313 3045.0 188
88.4344 3042.0 188
89.1541 2948.0 188
89.8572 2945.0 188
90.5603 2949.0 188
91.2799 2955.0 188
91.9830 2951.0 188
92.6862 2957.0 188
93.5266 2788.0 188
94.2297 2281.0 188
95.0592 1973.0 188
95.9052 1728.0 188
96.6083 1730.0 188
97.5586 1385.0 188
98.4045 1263.0 188
99.1077 1163.0 188
99.9371 1071.0 188
100.7776 997.0 188
101.6071 930.0 188
102.3102 871.0 188
103.2770 822.0 188
104.1064 778.0 188
104.8096 738.0 188
105.6555 701.0 188
106.4795 671.0 188
107.1826 642.0 188
108.0286 613.0 188
108.7317 590.0 188
109.8083 566.0 188
110.6543 546.0 188
111.3574 527.0 188
112.0605 509.0 188
112.9010 493.0 188
113.7305 476.0 188
114.4336 462.0 188
115.5267 449.0 188
116.1090 436.0 188
116.8121 425.0 188
117.7789 413.0 188
118.4821 404.0 188
119.5587 393.0 188
120.0311 384.0 188
120.8551 374.0 188
121.5747 366.0 188
122.5305 357.0 188
123.2336 350.0 188
124.4366 343.0 188
125.2771 337.0 188
126.1066 328.0 188
126.5625 322.0 188
127.2766 316.0 188
128.6060 311.0 188
128.8092 304.0 188
129.7760 299.0 188
131.1053 293.0 188
131.9348 289.0 188
132.5281 284.0 188
132.6050 280.0 188
134.0607 276.0 188
135.0275 271.0 188
135.1044 267.0 188
136.4337 263.0 188
137.6367 259.0 188
138.8562 256.0 188
139.5593 253.0 188
139.7626 250.0 188
140.8557 247.0 188
140.4327 243.0 188
142.3883 241.0 188
143.1079 238.0 188
144.6844 235.0 188
144.3878 233.0 188
145.6073 230.0 188
146.8103 227.0 188
146.0138 225.0 188
146.6071 223.0 188
147.6837 221.0 188
149.6393 219.0 188
150.3589 218.0 188
151.0620 216.0 188
151.7761 214.0 188
151.6058 212.0 188
152.3090 210.0 188
153.4021 209.0 188
154.6051 207.0 188
155.3247 206.0 188
156.0278 205.0 188
156.7310 203.0 188
156.5771 202.0 188
158.1537 201.0 188
158.8733 200.0 188
159.5764 198.0 188
160.2795 197.0 188
160.7465 196.0 188
161.7023 195.0 188
162.4219 194.0 188
163.1250 194.0 188
163.8281 193.0 188
164.5422 192.0 188
165.2454 191.0 188
165.9650 191.0 188
166.6681 190.0 188
167.3712 189.0 188
168.0908 189.0 188
168.7939 188.0 188
169.5135 188.0 188
170.2167 187.0 188
170.9363 187.0 188
171.6394 186.0 188
172.3425 186.0 188
173.0457 186.0 188
173.7653 186.0 188
174.4684 185.0 188
175.1715 185.0 188
175.8746 185.0 188
176.5887 184.0 188
177.2919 184.0 188
177.9950 184.0 188
178.7146 184.0 188
179.4177 184.0 188
180.1208 184.0 188
180.8240 184.0 188
181.5436 184.0 188
182.2467 184.0 188
182.9498 185.0 188
183.9166 185.0 188
184.3726 185.0 188
185.0757 185.0 188
185.7788 185.0 188
186.4984 185.0 188
187.2015 186.0 188
187.9047 186.0 188
188.6243 187.0 188
189.3274 186.0 188
190.0305 187.0 188
190.7336 188.0 188
191.4478 188.0 188
192.1509 189.0 188
192.8540 189.0 188
193.5736 190.0 188
194.2767 190.0 188
194.9799 191.0 188
195.6830 191.0 188
196.4026 192.0 188
197.1057 193.0 188
197.8088 194.0 188
198.5120 194.0 188
199.2316 195.0 188
199.9347 196.0 188
200.6378 197.0 188
201.3409 198.0 188
202.0605 199.0 188
201.8903 200.0 188
203.4668 201.0 188
203.5437 202.0 188
204.8895 203.0 188
205.5927 205.0 188
206.2958 206.0 188
206.9989 207.0 188
206.7188 208.0 188
208.4216 210.0 188
209.1248 212.0 188
209.7015 213.0 188
210.5420 214.0 188
209.9982 216.0 188
210.7013 218.0 188
211.2781 219.0 188
213.3710 221.0 188
214.0741 223.0 188
213.1512 224.0 188
215.4803 227.0 188
215.3265 228.0 188
216.9031 230.0 188
217.1063 233.0 188
218.3258 234.0 188
217.4030 237.0 188
217.7325 239.0 188
220.4517 242.0 188
219.1553 245.0 188
219.9957 247.0 188
220.8252 249.0 188
221.2811 252.0 188
221.6217 255.0 188
222.3248 258.0 188
223.2806 261.0 188
224.7473 264.0 188
224.3243 267.0 188
224.9176 271.0 188
225.4999 274.0 188
226.7029 277.0 188
227.0435 280.0 188
229.2957 270.0 188
230.1196 267.0 188
231.8390 264.0 188
231.7950 261.0 188
232.9980 258.0 188
234.4647 256.0 188
233.7946 253.0 188
236.1237 250.0 188
235.4645 248.0 188
236.5466 246.0 188
237.1399 244.0 188
238.7164 242.0 188
238.9197 240.0 188
239.5129 237.0 188
241.0895 235.0 188
242.4188 234.0 188
242.2650 232.0 188
243.8416 231.0 188
244.5447 229.0 188
244.1382 228.0 188
244.3414 226.0 188
245.4181 225.0 188
246.7639 223.0 188
248.0933 222.0 188
247.7966 221.0 188
249.5105 219.0 188
248.7140 219.0 188
250.9167 218.0 188
251.6364 216.0 188
252.3395 215.0 188
253.0426 215.0 188
252.7625 214.0 188
254.4653 213.0 188
254.5422 212.0 188
255.8881 211.0 188
256.0913 211.0 188
257.2943 210.0 188
258.0139 209.0 188
258.0908 209.0 188
258.4204 209.0 188
260.1398 208.0 188
260.8429 207.0 188
261.5625 207.0 188
262.2656 206.0 188
262.9688 206.0 188
263.6719 206.0 188
264.3750 205.0 188
265.0891 205.0 188
265.7922 205.0 188
266.4954 205.0 188
267.1985 205.0 188
267.9016 204.0 188
268.6212 205.0 188
268.6981 205.0 188
270.0275 205.0 188
270.7306 205.0 188
271.4502 204.0 188
271.5271 205.0 188
272.8564 205.0 188
273.5596 206.0 188
274.2627 206.0 188
274.9823 206.0 188
275.6854 206.0 188
276.3885 207.0 188
277.0917 207.0 188
277.8113 207.0 188
278.7616 208.0 188
279.2175 208.0 188
279.4208 209.0 188
280.6238 209.0 188
281.3434 209.0 188
282.0465 210.0 188
282.2498 211.0 188
283.4528 212.0 188
283.2935 212.0 188
283.8702 213.0 188
285.5731 214.0 188
284.9194 214.0 188
285.8698 215.0 188
287.7155 216.0 188
288.4186 217.0 188
289.1382 218.0 188
289.8413 219.0 188
289.0613 220.0 188
290.3906 221.0 188
290.8575 222.0 188
292.6868 223.0 188
293.4009 225.0 188
294.1040 226.0 188
294.8236 228.0 188
295.5267 229.0 188
294.9829 230.0 188
295.3235 232.0 188
297.6526 233.0 188
296.7462 235.0 188
298.0756 236.0 188
298.0426 239.0 188
299.2456 240.0 188
299.9652 242.0 188
299.9213 243.0 188
302.6404 245.0 188
301.5912 248.0 188
302.4371 249.0 188
303.6401 252.0 188
304.1071 253.0 188
303.9368 256.0 188
306.0297 258.0 188
305.8594 261.0 188
306.1835 263.0 188
306.6559 265.0 188
307.7325 268.0 188
308.1995 272.0 188
309.4025 274.0 188
310.2484 277.0 188
309.6991 280.0 188
310.7812 283.0 188
311.2482 286.0 188
312.4512 289.0 188
312.4182 292.0 188
313.4949 297.0 188
313.5938 300.0 188
314.6704 303.0 188
315.6372 307.0 188
316.2140 311.0 188
316.5436 316.0 188
317.5104 320.0 188
317.9663 325.0 188
318.5596 328.0 188
319.2627 333.0 188
319.4824 338.0 188
320.5591 343.0 188
320.8887 349.0 188
321.6083 353.0 188
322.4323 361.0 188
323.0310 365.0 188
323.7341 372.0 188
324.0747 378.0 188
324.9042 384.0 188
325.6238 391.0 188
326.3269 398.0 188
326.6675 406.0 188
327.4969 413.0 188
328.2166 419.0 188
328.9197 430.0 188
329.5129 439.0 188
329.9634 447.0 188
330.5621 457.0 188
331.1389 469.0 188
331.9794 477.0 188
332.6825 488.0 188
333.1549 500.0 188
333.8580 512.0 188
334.5776 525.0 188
335.1544 538.0 188
335.7477 553.0 188
336.5771 568.0 188
337.0441 583.0 188
337.7472 601.0 188
338.3405 618.0 188
339.0436 639.0 188
339.6368 656.0 188
340.3400 679.0 188
340.9332 702.0 188
341.6364 728.0 188
342.1088 754.0 188
342.8119 786.0 188
343.5260 816.0 188
344.1083 850.0 188
344.7015 890.0 188
345.4047 934.0 188
345.9979 976.0 188
346.5747 1026.0 188
347.2778 1083.0 188
347.8546 1143.0 188
348.5742 1209.0 188
349.2773 1287.0 188
349.8541 1371.0 188
350.4364 1469.0 188
351.7328 1723.0 188