x y z
0.822008 0.464812 0.000000
0.822038 0.468617 0.000000
0.823355 0.475539 0.000000
0.824255 0.484166 0.000000
0.824786 0.491838 0.000000
0.827076 0.498996 0.000000
0.827718 0.506677 0.000000
1.174453 0.496487 0.000000
1.175742 0.511040 0.000000
1.179455 0.527573 0.000000
1.183800 0.541817 0.000000
1.185036 0.557202 0.000000
1.187629 0.573131 0.000000
1.191026 0.589858 0.000000
1.193789 0.606390 0.000000
1.197126 0.623234 0.000000
1.200186 0.639374 0.000000
1.203554 0.657358 0.000000
1.206557 0.675029 0.000000
1.209779 0.693284 0.000000
1.212091 0.709481 0.000000
1.214879 0.729141 0.000000
1.219074 0.747008 0.000000
1.222158 0.767043 0.000000
1.226262 0.786666 0.000000
1.229444 0.808222 0.000000
1.231614 0.829043 0.000000
1.238166 0.851255 0.000000
1.242616 0.873460 0.000000
1.244231 0.895906 0.000000
1.250531 0.920290 0.000000
1.255600 0.946984 0.000000
1.260440 0.972124 0.000000
1.264319 0.999833 0.000000
1.269740 1.028804 0.000000
1.276188 1.058504 0.000000
1.284550 1.091562 0.000000
1.289861 1.124474 0.000000
1.296370 1.160604 0.000000
1.304331 1.196865 0.000000
1.311342 1.237551 0.000000
1.320448 1.278777 0.000000
1.328164 1.323863 0.000000
1.337190 1.370642 0.000000
1.345600 1.420934 0.000000
1.355973 1.477627 0.000000
1.367299 1.535887 0.000000
1.379496 1.604463 0.000000
1.382225 1.661654 0.000000
1.391185 1.733470 0.000000
1.407100 1.816518 0.000000
1.420302 1.907609 0.000000
1.438967 2.011896 0.000000
1.470453 2.144469 0.000000
1.492416 2.277636 0.000000
1.526573 2.445028 0.000000
1.576193 2.658564 0.000000
1.545329 2.730808 0.000000
1.511562 2.801147 0.000000
1.472927 2.867897 0.000000
1.433694 2.931705 0.000000
1.388348 2.997523 0.000000
1.347907 3.076905 0.000000
1.310364 3.174228 0.000000
1.266767 3.264159 0.000000
1.212597 3.335813 0.000000
1.145865 3.355269 0.000000
1.079395 3.385713 0.000000
1.010036 3.394351 0.000000
0.939279 3.409069 0.000000
0.871857 3.426884 0.000000
0.801766 3.438286 0.000000
0.730253 3.444055 0.000000
0.659768 3.456025 0.000000
0.588789 3.464788 0.000000
0.517416 3.481576 0.000000
0.445090 3.502618 0.000000
0.370637 3.527076 0.000000
0.297452 3.538566 0.000000
0.223375 3.534416 0.000000
0.144498 3.560081 0.000000
0.066727 3.572421 0.000000
-0.012001 3.593145 0.000000
-0.071055 3.495670 0.000000
-0.147557 3.496818 0.000000
-0.235121 3.541262 0.000000
-0.279141 3.415642 0.000000
-0.305802 3.251742 0.000000
-0.334039 3.113257 0.000000
-0.360008 2.982156 0.000000
-0.378094 2.850571 0.000000
-0.395994 2.736766 0.000000
-0.416523 2.637370 0.000000
-0.432055 2.538399 0.000000
-0.453638 2.456329 0.000000
-0.464945 2.365642 0.000000
-0.499174 2.322218 0.000000
-0.536198 2.286431 0.000000
-0.546748 2.210331 0.000000
-0.556229 2.136766 0.000000
-0.530026 2.014356 0.000000
-0.542527 1.957183 0.000000
-0.553238 1.898430 0.000000
-0.564255 1.846057 0.000000
-0.575795 1.792528 0.000000
-0.584348 1.741548 0.000000
-0.594186 1.693484 0.000000
-0.600798 1.644760 0.000000
-0.608709 1.596884 0.000000
-0.617546 1.553918 0.000000
-0.626087 1.511018 0.000000
-0.631217 1.468817 0.000000
-0.639553 1.428406 0.000000
-0.650814 1.391736 0.000000
-0.655479 1.350279 0.000000
-0.663399 1.313548 0.000000
-0.672341 1.276863 0.000000
-0.675935 1.238605 0.000000
-0.682670 1.204748 0.000000
-0.691483 1.169569 0.000000
-0.693647 1.132840 0.000000
-0.702915 1.100184 0.000000
-0.708211 1.067695 0.000000
-0.710766 1.033315 0.000000
-0.716877 0.999276 0.000000
-0.725361 0.967945 0.000000
-0.731998 0.936516 0.000000
-0.735319 0.903894 0.000000
-0.738233 0.870726 0.000000
-0.748286 0.840707 0.000000
-0.755173 0.808761 0.000000
1.174628 0.500349 0.000000
1.178079 0.514865 0.000000
1.179942 0.531643 0.000000
1.182902 0.547491 0.000000
1.186317 0.561739 0.000000
1.188577 0.577343 0.000000
1.191210 0.593146 0.000000
1.195763 0.610856 0.000000
1.196896 0.626540 0.000000
1.201101 0.644417 0.000000
1.203598 0.662321 0.000000
1.206152 0.678030 0.000000
1.210413 0.696977 0.000000
1.212917 0.714092 0.000000
1.217642 0.733012 0.000000
1.219532 0.751299 0.000000
1.221453 0.772084 0.000000
1.225738 0.792312 0.000000
1.229601 0.812498 0.000000
1.234210 0.833119 0.000000
1.237606 0.854267 0.000000
1.241554 0.878471 0.000000
1.246983 0.902536 0.000000
1.249586 0.926157 0.000000
1.257232 0.951639 0.000000
1.260737 0.978331 0.000000
1.265214 1.005810 0.000000
1.270572 1.033798 0.000000
1.276898 1.066095 0.000000
1.282415 1.096063 0.000000
1.291723 1.130992 0.000000
1.297806 1.167092 0.000000
1.306108 1.203967 0.000000
1.314373 1.244615 0.000000
1.321337 1.285807 0.000000
1.328251 1.332245 0.000000
1.336591 1.378802 0.000000
1.345651 1.430340 0.000000
1.357204 1.484828 0.000000
1.368488 1.546900 0.000000
1.380707 1.611461 0.000000
1.379669 1.667934 0.000000
1.391509 1.740909 0.000000
1.407707 1.825770 0.000000
1.426602 1.924066 0.000000
1.445196 2.030352 0.000000
1.473416 2.159798 0.000000
1.495666 2.294954 0.000000
1.529317 2.461906 0.000000
1.572276 2.668268 0.000000
1.540335 2.734200 0.000000
1.507948 2.808143 0.000000
1.470026 2.871755 0.000000
1.433514 2.947254 0.000000
1.384039 3.000337 0.000000
1.346937 3.085876 0.000000
1.307647 3.181018 0.000000
1.258698 3.260884 0.000000
1.211857 3.356310 0.000000
1.144310 3.374279 0.000000
1.074904 3.387589 0.000000
1.004684 3.396001 0.000000
0.935593 3.411356 0.000000
0.865489 3.420327 0.000000
0.795257 3.437127 0.000000
0.725797 3.449117 0.000000
0.654240 3.457764 0.000000
0.583280 3.470392 0.000000
0.512634 3.473300 0.000000
0.439894 3.513219 0.000000
0.365592 3.529305 0.000000
0.292605 3.537183 0.000000
0.218501 3.549496 0.000000
0.142908 3.552821 0.000000
0.062698 3.565480 0.000000
-0.016398 3.583982 0.000000
-0.077965 3.504723 0.000000
-0.153958 3.506123 0.000000
-0.233904 3.519385 0.000000
-0.284028 3.417903 0.000000
-0.308787 3.240357 0.000000
-0.337378 3.106862 0.000000
-0.355347 2.963102 0.000000
-0.379622 2.847018 0.000000
-0.399140 2.732459 0.000000
-0.418371 2.633797 0.000000
-0.434152 2.534342 0.000000
-0.450454 2.443636 0.000000
-0.462154 2.356917 0.000000
-0.501131 2.321094 0.000000
-0.537337 2.283984 0.000000
-0.547119 2.203855 0.000000
-0.557020 2.133213 0.000000
-0.530370 2.012267 0.000000
-0.544112 1.954426 0.000000
-0.554733 1.897246 0.000000
-0.564854 1.844584 0.000000
-0.574822 1.790722 0.000000
-0.585171 1.740451 0.000000
-0.594792 1.692203 0.000000
-0.601890 1.644009 0.000000
-0.612576 1.599339 0.000000
-0.618199 1.553938 0.000000
-0.625706 1.510694 0.000000
-0.631730 1.468183 0.000000
-0.637118 1.425012 0.000000
-0.650779 1.389240 0.000000
-0.654433 1.350032 0.000000
-0.663608 1.313685 0.000000
-0.671917 1.276599 0.000000
-0.675482 1.237895 0.000000
-0.682971 1.203180 0.000000
-0.692055 1.169018 0.000000
-0.692538 1.133954 0.000000
-0.702290 1.101530 0.000000
-0.709111 1.066881 0.000000
-0.711642 1.032487 0.000000
-0.717239 0.999024 0.000000
-0.725361 0.967945 0.000000
-0.731775 0.937205 0.000000
-0.735901 0.903691 0.000000
-0.738287 0.871484 0.000000
-0.748542 0.839660 0.000000
-0.755431 0.809920 0.000000
-0.758604 0.777248 0.000000
-0.762616 0.745235 0.000000
-0.766425 0.714343 0.000000
-0.775830 0.683068 0.000000
-0.780463 0.651426 0.000000
-0.782608 0.619170 0.000000
-0.795182 0.587752 0.000000
-0.799758 0.555261 0.000000
-0.802039 0.523679 0.000000
-0.810528 0.490353 0.000000
-0.815758 0.458205 0.000000
-0.815505 0.426512 0.000000
-0.719410 0.401080 0.000000
-0.618338 0.379867 0.000000
-0.528893 0.363354 0.000000
-0.454376 0.348374 0.000000
-0.390197 0.336582 0.000000
-0.327498 0.326257 0.000000
-0.276897 0.315434 0.000000
-0.229533 0.304638 0.000000
-0.187828 0.298213 0.000000
-0.146828 0.292198 0.000000
-0.112131 0.283802 0.000000
-0.080677 0.277614 0.000000
-0.051227 0.272803 0.000000
-0.022913 0.268450 0.000000
0.002474 0.263611 0.000000
0.028172 0.257486 0.000000
0.050392 0.252976 0.000000
0.069721 0.250160 0.000000
0.090287 0.246396 0.000000
0.107535 0.242878 0.000000
0.127796 0.240400 0.000000
0.144879 0.236544 0.000000
0.160961 0.233333 0.000000
0.177027 0.230658 0.000000
0.191346 0.226683 0.000000
0.205064 0.226059 0.000000
0.218837 0.224250 0.000000
0.232133 0.221892 0.000000
0.246262 0.218479 0.000000
0.256965 0.216244 0.000000
0.268577 0.215815 0.000000
0.280875 0.212543 0.000000
0.292150 0.209836 0.000000
0.303883 0.208379 0.000000
0.312676 0.207434 0.000000
0.325064 0.204655 0.000000
0.332388 0.203614 0.000000
0.345123 0.201890 0.000000
0.352749 0.199646 0.000000
0.364423 0.197482 0.000000
0.373426 0.196689 0.000000
0.383681 0.194184 0.000000
0.392397 0.192632 0.000000
0.399180 0.191517 0.000000
0.410555 0.189133 0.000000
0.418689 0.188455 0.000000
0.427523 0.186702 0.000000
0.436401 0.184912 0.000000
0.444927 0.183446 0.000000
0.451135 0.183236 0.000000
0.459465 0.181156 0.000000
0.470156 0.180136 0.000000
0.479626 0.177095 0.000000
0.485496 0.176538 0.000000
0.494091 0.174275 0.000000
0.502367 0.173258 0.000000
0.512014 0.172111 0.000000
0.520708 0.170504 0.000000
0.530936 0.169607 0.000000
0.537236 0.166662 0.000000
0.546550 0.165442 0.000000
0.556741 0.164271 0.000000
0.563199 0.162277 0.000000
0.573393 0.160300 0.000000
0.583110 0.159281 0.000000
0.592283 0.157909 0.000000
0.599551 0.155120 0.000000
0.611070 0.154103 0.000000
0.619963 0.152266 0.000000
0.628545 0.148465 0.000000
0.639914 0.149493 0.000000
0.651303 0.146927 0.000000
0.661318 0.145218 0.000000
0.672213 0.142709 0.000000
0.683715 0.140670 0.000000
0.693054 0.137711 0.000000
0.707243 0.136776 0.000000
0.719174 0.133772 0.000000
0.729788 0.131735 0.000000
0.743705 0.127957 0.000000
0.757913 0.126920 0.000000
0.770962 0.122635 0.000000
0.786115 0.120454 0.000000
0.801641 0.116164 0.000000
0.818182 0.113765 0.000000
0.835729 0.109993 0.000000
0.787973 0.203368 0.000000
0.789281 0.217314 0.000000
0.790725 0.231039 0.000000
0.794147 0.244566 0.000000
0.795377 0.256438 0.000000
0.795653 0.269440 0.000000
0.797733 0.280703 0.000000
0.798964 0.291767 0.000000
0.800769 0.301933 0.000000
0.801664 0.310923 0.000000
0.803391 0.322522 0.000000
0.803484 0.331505 0.000000
0.805361 0.342060 0.000000
0.806063 0.349462 0.000000
0.808545 0.361000 0.000000
0.808638 0.369581 0.000000
0.809529 0.377905 0.000000
0.811689 0.386950 0.000000
0.812964 0.395898 0.000000
0.813720 0.403629 0.000000
0.814658 0.411613 0.000000
0.814969 0.416428 0.000000
0.817110 0.425730 0.000000
0.816288 0.432551 0.000000
0.818076 0.441518 0.000000
0.819728 0.449116 0.000000
0.820615 0.456544 0.000000
