x y z
-1.797222 -1.140521 0.000000
-1.798219 -1.144916 0.000000
-1.808953 -1.147165 0.000000
-1.810446 -1.153749 0.000000
-1.876028 -1.304740 0.000000
-1.902512 -1.329233 0.000000
-2.109130 -1.962431 0.000000
-2.130930 -1.939180 0.000000
-2.160819 -1.942571 0.000000
-2.188561 -1.944538 0.000000
-2.217629 -1.942839 0.000000
-2.247840 -1.942355 0.000000
-2.278894 -1.938729 0.000000
-2.311360 -1.941160 0.000000
-2.343332 -1.939095 0.000000
-2.374205 -1.935117 0.000000
-2.409671 -1.937183 0.000000
-2.441965 -1.933927 0.000000
-1.960402 -1.152351 0.000000
-1.957803 -1.140632 0.000000
-1.959551 -1.125271 0.000000
-1.958574 -1.112770 0.000000
-1.957033 -1.102370 0.000000
-1.956092 -1.091792 0.000000
-1.955312 -1.084224 0.000000
-1.959707 -1.072257 0.000000
-1.957077 -1.069932 0.000000
-1.963413 -1.059356 0.000000
-1.963506 -1.055167 0.000000
-1.964850 -1.052637 0.000000
-1.967387 -1.048590 0.000000
-1.971654 -1.041861 0.000000
-1.978413 -1.030250 0.000000
-1.978372 -1.034198 0.000000
-1.986205 -1.025561 0.000000
-1.990098 -1.026065 0.000000
-1.998049 -1.017686 0.000000
-2.002886 -1.017032 0.000000
-2.323318 -1.151590 0.000000
-2.346332 -1.143634 0.000000
-2.322179 -1.118669 0.000000
-2.225030 -1.066144 0.000000
-2.227529 -1.053327 0.000000
-2.233223 -1.042755 0.000000
-2.241358 -1.032603 0.000000
-2.249901 -1.021563 0.000000
-2.259669 -1.011831 0.000000
-2.273935 -1.002447 0.000000
-2.290333 -0.992184 0.000000
-2.309491 -0.981664 0.000000
-2.348182 -0.974082 0.000000
-2.575312 -0.981667 0.000000
-2.573277 -0.961924 0.000000
-2.573782 -0.941726 0.000000
-2.573036 -0.921971 0.000000
-2.572555 -0.902025 0.000000
-2.570282 -0.881058 0.000000
-2.566788 -0.861133 0.000000
-2.565920 -0.842377 0.000000
-2.564979 -0.822471 0.000000
-2.567469 -0.801758 0.000000
-2.566014 -0.781680 0.000000
-2.564217 -0.761113 0.000000
-2.564622 -0.739012 0.000000
-2.563220 -0.719182 0.000000
-2.023553 -0.821695 0.000000
-2.015700 -0.817424 0.000000
-2.012349 -0.813292 0.000000
-2.007938 -0.804697 0.000000
-2.007025 -0.800485 0.000000
-1.997591 -0.792553 0.000000
-2.031776 -0.748657 0.000000
-2.568149 -0.352120 0.000000
-2.095645 -0.640349 0.000000
-2.542225 -0.213073 0.000000
-2.539374 -0.178422 0.000000
-2.538572 -0.143952 0.000000
-2.536977 -0.106051 0.000000
-2.537655 -0.066042 0.000000
-2.534998 -0.024273 0.000000
-2.533455 0.017582 0.000000
-1.938447 -0.646767 0.000000
-1.930049 -0.649419 0.000000
-1.929705 -0.637197 0.000000
-1.917767 -0.640395 0.000000
-1.905526 -0.642580 0.000000
-1.894911 -0.644784 0.000000
-1.881163 -0.648859 0.000000
-1.870576 -0.654651 0.000000
-1.863821 -0.656779 0.000000
-1.855670 -0.660105 0.000000
-1.843569 -0.662286 0.000000
-1.833730 -0.670243 0.000000
-1.820828 -0.679424 0.000000
-1.809739 -0.680988 0.000000
-1.801442 -0.692621 0.000000
-1.795292 -0.714385 0.000000
-2.020256 3.399768 0.000000
-1.912245 3.384907 0.000000
-1.827747 4.650934 0.000000
-1.555066 4.544504 0.000000
-1.520197 2.777328 0.000000
-1.429949 2.776643 0.000000
-1.338430 2.766072 0.000000
-1.243638 2.778987 0.000000
-1.689857 -0.641055 0.000000
-1.367996 -0.657661 0.000000
0.065131 0.100448 0.000000
0.007963 0.010359 0.000000
-0.025886 -0.062947 0.000000
0.005765 -0.101187 0.000000
0.050838 -0.132513 0.000000
0.095795 -0.167148 0.000000
0.171237 -0.191784 0.000000
0.240282 -0.220685 0.000000
0.299279 -0.255671 0.000000
0.290007 -0.740609 0.000000
-0.111549 -0.821681 0.000000
-0.124573 -0.863151 0.000000
-0.132376 -0.904290 0.000000
-0.142721 -0.945860 0.000000
-0.143756 -0.984221 0.000000
-0.137636 -1.025718 0.000000
-0.118771 -1.067452 0.000000
-0.091303 -1.111276 0.000000
0.321321 -1.204343 0.000000
0.333002 -1.258437 0.000000
0.388493 -1.321698 0.000000
0.384870 -1.375756 0.000000
2.946442 -2.254928 0.000000
2.434731 -2.224471 0.000000
1.997434 -2.192831 0.000000
1.713199 -2.194624 0.000000
1.403281 -2.173894 0.000000
1.142538 -2.156692 0.000000
0.908506 -2.137919 0.000000
0.723052 -2.130345 0.000000
0.548661 -2.117196 0.000000
0.391564 -2.106736 0.000000
0.261307 -2.101283 0.000000
0.153436 -2.105096 0.000000
0.027834 -2.089714 0.000000
-0.079221 -2.082304 0.000000
-0.098163 -2.131906 0.000000
-0.104664 -2.189067 0.000000
0.752022 -3.145650 0.000000
-1.548416 -1.162106 0.000000
-1.561069 -1.160430 0.000000
-1.567685 -1.163554 0.000000
-1.574894 -1.165354 0.000000
-1.585541 -1.166665 0.000000
-1.592737 -1.168917 0.000000
-1.600286 -1.172078 0.000000
-1.606303 -1.174351 0.000000
-1.613055 -1.177181 0.000000
-1.620061 -1.180797 0.000000
-1.629244 -1.184709 0.000000
-1.634768 -1.187658 0.000000
-1.643329 -1.190703 0.000000
-1.649990 -1.194302 0.000000
-1.654473 -1.197405 0.000000
-1.662081 -1.201521 0.000000
-1.668912 -1.205393 0.000000
-1.673461 -1.208902 0.000000
-1.679974 -1.213636 0.000000
-1.684302 -1.218400 0.000000
-1.691931 -1.223318 0.000000
-1.698192 -1.228999 0.000000
-1.706220 -1.233803 0.000000
-1.713247 -1.239481 0.000000
-1.720376 -1.244731 0.000000
-1.726208 -1.249666 0.000000
-1.732133 -1.255491 0.000000
-1.738904 -1.261498 0.000000
-1.747950 -1.268694 0.000000
-1.756030 -1.274882 0.000000
-1.765093 -1.281869 0.000000
-1.775569 -1.202475 0.000000
-1.785544 -1.192959 0.000000
-1.790673 -1.190667 0.000000
