x y z
1.793453 3.270761 0.000000
1.764283 3.303645 0.000000
1.735922 3.341671 0.000000
1.702599 3.378425 0.000000
1.670662 3.417930 0.000000
1.632589 3.425895 0.000000
1.595002 3.432379 0.000000
1.558833 3.429686 0.000000
1.521033 3.430340 0.000000
1.482795 3.429783 0.000000
1.445958 3.426367 0.000000
1.406169 3.431547 0.000000
1.368980 3.429253 0.000000
1.329919 3.432842 0.000000
1.295093 3.431659 0.000000
1.254596 3.433906 0.000000
1.214868 3.438136 0.000000
1.176538 3.434302 0.000000
1.135886 3.436130 0.000000
1.094667 3.434708 0.000000
1.053429 3.433024 0.000000
1.013215 3.433330 0.000000
0.970049 3.434499 0.000000
0.924860 3.438382 0.000000
0.881149 3.434190 0.000000
0.834704 3.439457 0.000000
0.787572 3.438294 0.000000
0.738216 3.442117 0.000000
0.693963 3.435330 0.000000
0.641193 3.437428 0.000000
0.591570 3.433718 0.000000
0.539209 3.432009 0.000000
0.481621 3.433554 0.000000
0.423823 3.435085 0.000000
0.416284 3.365679 0.000000
0.382194 3.336241 0.000000
0.322253 3.338200 0.000000
0.257543 3.337814 0.000000
0.198041 3.333498 0.000000
0.203687 3.258097 0.000000
0.201349 3.192770 0.000000
0.200841 3.132798 0.000000
0.201454 3.070516 0.000000
0.201384 3.014566 0.000000
0.201558 2.958808 0.000000
0.196181 2.907525 0.000000
0.196291 2.856838 0.000000
0.198015 2.806258 0.000000
0.197011 2.755469 0.000000
0.195381 2.711161 0.000000
0.192726 2.666633 0.000000
0.193548 2.623295 0.000000
0.194331 2.578320 0.000000
0.194984 2.537736 0.000000
0.188336 2.499441 0.000000
0.193021 2.457960 0.000000
0.191274 2.417360 0.000000
0.191603 2.379669 0.000000
0.190206 2.341928 0.000000
0.191839 2.305053 0.000000
0.191249 2.268157 0.000000
0.186200 2.232371 0.000000
0.194805 2.193900 0.000000
0.194095 2.159130 0.000000
0.186361 2.125749 0.000000
0.148621 2.097424 0.000000
0.152344 2.061764 0.000000
0.144222 2.027087 0.000000
0.146984 1.992284 0.000000
0.145044 1.956332 0.000000
0.144782 1.921878 0.000000
0.146140 1.885130 0.000000
0.146372 1.850312 0.000000
0.187326 1.818840 0.000000
0.187316 1.783336 0.000000
0.187803 1.749246 0.000000
0.187259 1.714076 0.000000
0.182065 1.680180 0.000000
0.185189 1.645399 0.000000
0.185687 1.610270 0.000000
0.185716 1.574281 0.000000
0.186024 1.536724 0.000000
0.183463 1.500674 0.000000
0.185897 1.463939 0.000000
0.182674 1.425601 0.000000
0.182756 1.387264 0.000000
0.181115 1.347517 0.000000
0.184795 1.309646 0.000000
0.184636 1.268460 0.000000
0.180301 1.224244 0.000000
0.182612 1.181723 0.000000
0.184702 1.140032 0.000000
0.181105 1.094474 0.000000
0.183900 1.048811 0.000000
0.181953 1.000342 0.000000
0.181315 0.949438 0.000000
0.178374 0.897913 0.000000
0.179555 0.844590 0.000000
0.176752 0.789136 0.000000
0.176526 0.730964 0.000000
0.182382 0.677730 0.000000
0.179569 0.612944 0.000000
0.179124 0.547299 0.000000
0.178303 0.477998 0.000000
0.177696 0.405287 0.000000
0.173907 0.324947 0.000000
0.171060 0.242768 0.000000
0.198016 0.192048 0.000000
0.263631 0.188590 0.000000
0.330229 0.187655 0.000000
0.396540 0.190738 0.000000
0.450947 0.181096 0.000000
0.513454 0.186736 0.000000
0.574563 0.191463 0.000000
0.624734 0.179703 0.000000
0.682480 0.185415 0.000000
0.738022 0.184123 0.000000
0.784851 0.176427 0.000000
0.840231 0.183965 0.000000
0.886363 0.178733 0.000000
1.387408 1.369146 0.000000
1.406798 1.380106 0.000000
1.422293 1.385055 0.000000
1.435177 1.379931 0.000000
1.447031 1.375898 0.000000
1.459108 1.369565 0.000000
1.472238 1.361087 0.000000
1.483211 1.348243 0.000000
1.495230 1.334551 0.000000
1.507022 1.322458 0.000000
1.522194 1.311907 0.000000
1.535383 1.297614 0.000000
1.603283 0.178142 0.000000
1.647577 0.180218 0.000000
1.690347 0.177305 0.000000
1.733202 0.171675 0.000000
1.776821 0.175474 0.000000
1.796745 0.348223 0.000000
1.803922 0.554050 0.000000
1.720274 1.203843 0.000000
1.733067 1.220960 0.000000
1.750828 1.227652 0.000000
1.767305 1.226915 0.000000
1.788183 1.224814 0.000000
1.809670 1.215247 0.000000
1.832911 1.200350 0.000000
1.856381 1.188090 0.000000
1.883931 1.173652 0.000000
1.910950 1.160041 0.000000
1.939259 1.144756 0.000000
2.139121 0.913591 0.000000
2.138414 0.969903 0.000000
2.138442 1.024315 0.000000
2.137324 1.071667 0.000000
2.135328 1.118271 0.000000
2.136115 1.160935 0.000000
2.134974 1.199144 0.000000
2.135222 1.233399 0.000000
2.135736 1.269656 0.000000
2.133888 1.303615 0.000000
2.133798 1.332034 0.000000
2.134054 1.361161 0.000000
2.134338 1.388565 0.000000
2.134620 1.415266 0.000000
2.133201 1.440364 0.000000
2.134794 1.464800 0.000000
2.133074 1.487378 0.000000
2.133250 1.510774 0.000000
2.131877 1.531433 0.000000
2.131994 1.552394 0.000000
2.131538 1.571353 0.000000
2.131855 1.589935 0.000000
2.132012 1.609097 0.000000
2.132233 1.627715 0.000000
2.130932 1.644695 0.000000
2.131360 1.662151 0.000000
2.131578 1.680225 0.000000
2.131723 1.695127 0.000000
2.133342 1.712224 0.000000
2.132394 1.728529 0.000000
2.132521 1.741866 0.000000
2.133044 1.758756 0.000000
2.133267 1.774191 0.000000
2.133240 1.787884 0.000000
2.122438 1.805503 0.000000
2.122904 1.818597 0.000000
2.121795 1.835393 0.000000
2.121661 1.849287 0.000000
2.122640 1.862554 0.000000
2.121745 1.874855 0.000000
2.121414 1.889500 0.000000
2.121700 1.904251 0.000000
2.122133 1.917035 0.000000
2.121760 1.930122 0.000000
2.120900 1.945931 0.000000
2.121206 1.957880 0.000000
2.121492 1.972197 0.000000
2.121559 1.985495 0.000000
2.121974 1.999410 0.000000
2.120347 2.015586 0.000000
2.121901 2.027937 0.000000
2.121176 2.042331 0.000000
2.121204 2.057392 0.000000
2.120345 2.072397 0.000000
2.120327 2.086853 0.000000
2.120689 2.103026 0.000000
2.121096 2.117274 0.000000
2.121763 2.132771 0.000000
2.121152 2.149130 0.000000
2.121185 2.165566 0.000000
2.120743 2.182148 0.000000
2.123335 2.199150 0.000000
2.123871 2.218728 0.000000
2.126357 2.239045 0.000000
2.127659 2.257662 0.000000
2.127850 2.275061 0.000000
2.127714 2.296365 0.000000
2.128141 2.316975 0.000000
2.128421 2.339198 0.000000
2.127783 2.358281 0.000000
2.127905 2.382568 0.000000
2.126243 2.405531 0.000000
2.129135 2.431383 0.000000
2.129099 2.458635 0.000000
2.129207 2.486468 0.000000
2.130486 2.516334 0.000000
2.133031 2.546810 0.000000
2.134414 2.579070 0.000000
2.134631 2.614917 0.000000
2.136531 2.653190 0.000000
2.137944 2.693362 0.000000
2.144621 2.742939 0.000000
2.143925 2.783590 0.000000
2.142022 2.827951 0.000000
2.140843 2.878765 0.000000
2.109761 2.879401 0.000000
2.089113 2.901471 0.000000
2.070797 2.923804 0.000000
2.051286 2.951543 0.000000
2.031322 2.975659 0.000000
2.013275 3.002858 0.000000
1.990570 3.028501 0.000000
1.969134 3.054208 0.000000
1.945292 3.077354 0.000000
1.921239 3.101113 0.000000
1.898235 3.130322 0.000000
1.874231 3.161372 0.000000
1.849104 3.194481 0.000000
1.823303 3.227200 0.000000
