x y z
-2.394767 -1.743850 0.000000
-2.399385 -1.379008 0.000000
-2.416254 -1.341753 0.000000
-2.431596 -1.315223 0.000000
-2.448301 -1.308235 0.000000
-2.461858 -1.281790 0.000000
-2.474779 -1.267022 0.000000
-2.488878 -1.256981 0.000000
-2.503954 -1.243662 0.000000
-2.515408 -1.229100 0.000000
-2.528689 -1.216709 0.000000
-2.543527 -1.206747 0.000000
-2.555206 -1.199126 0.000000
-2.569663 -1.194083 0.000000
-2.585640 -1.193155 0.000000
-2.602677 -1.193819 0.000000
-2.622035 -1.196269 0.000000
-2.642800 -1.200911 0.000000
-2.665550 -1.208000 0.000000
-2.693683 -1.228318 0.000000
-3.019940 -1.628241 0.000000
-3.054611 -1.625564 0.000000
-2.550267 -0.865254 0.000000
-2.547248 -0.850354 0.000000
-2.545938 -0.836995 0.000000
-2.547472 -0.821718 0.000000
-2.543672 -0.810283 0.000000
-2.542484 -0.799825 0.000000
-2.545009 -0.785961 0.000000
-2.540329 -0.780974 0.000000
-2.543255 -0.769799 0.000000
-2.544989 -0.761016 0.000000
-2.547385 -0.752559 0.000000
-2.549184 -0.746096 0.000000
-2.548362 -0.746021 0.000000
-2.551325 -0.740229 0.000000
-2.555360 -0.730815 0.000000
-2.557138 -0.729453 0.000000
-2.563470 -0.721041 0.000000
-2.566653 -0.719965 0.000000
-2.576306 -0.713385 0.000000
-2.584589 -0.710435 0.000000
-2.862693 -0.816179 0.000000
-2.887115 -0.810948 0.000000
-2.795710 -0.761379 0.000000
-2.798518 -0.749033 0.000000
-2.802989 -0.737957 0.000000
-2.809141 -0.726076 0.000000
-2.817457 -0.715680 0.000000
-2.826439 -0.705659 0.000000
-2.838037 -0.694991 0.000000
-2.853110 -0.684416 0.000000
-2.870267 -0.675183 0.000000
-2.893626 -0.664087 0.000000
-3.119668 -0.671701 0.000000
-3.140676 -0.653776 0.000000
-3.139526 -0.634248 0.000000
-3.141646 -0.613002 0.000000
-3.139254 -0.593116 0.000000
-3.139933 -0.574253 0.000000
-3.135831 -0.554356 0.000000
-3.137053 -0.534915 0.000000
-3.135012 -0.513278 0.000000
-3.134354 -0.494531 0.000000
-3.133525 -0.472992 0.000000
-3.131728 -0.454462 0.000000
-3.132755 -0.433348 0.000000
-3.130806 -0.412705 0.000000
-3.130534 -0.389763 0.000000
-3.130017 -0.369679 0.000000
-2.574695 -0.512764 0.000000
-2.572534 -0.511560 0.000000
-2.567517 -0.501962 0.000000
-2.559355 -0.497491 0.000000
-2.558403 -0.494124 0.000000
-2.555813 -0.486969 0.000000
-2.557336 -0.483147 0.000000
-2.555808 -0.473532 0.000000
-2.554717 -0.463751 0.000000
-2.557185 -0.457238 0.000000
-2.559531 -0.450226 0.000000
-2.559544 -0.439043 0.000000
-2.566311 -0.429457 0.000000
-2.661947 -0.335612 0.000000
-3.105004 0.091264 0.000000
-3.104212 0.127541 0.000000
-3.101654 0.162524 0.000000
-3.101353 0.199317 0.000000
-3.099620 0.239650 0.000000
-3.097808 0.279141 0.000000
-3.096061 0.322943 0.000000
-2.507122 -0.345027 0.000000
-2.494061 -0.345097 0.000000
-2.494009 -0.333160 0.000000
-2.482576 -0.335351 0.000000
-2.470661 -0.337859 0.000000
-2.461235 -0.340476 0.000000
-2.448549 -0.345126 0.000000
-2.440531 -0.352026 0.000000
-2.430607 -0.353431 0.000000
-2.418460 -0.355413 0.000000
-2.413933 -0.359698 0.000000
-2.403563 -0.365887 0.000000
-2.388995 -0.376171 0.000000
-2.385167 -0.379617 0.000000
-2.374786 -0.388101 0.000000
-2.359897 -0.409606 0.000000
-2.565235 3.741046 0.000000
-2.456657 3.694811 0.000000
-2.361949 4.988610 0.000000
-2.088255 4.913738 0.000000
-2.065330 3.085361 0.000000
-1.975309 3.069321 0.000000
-1.883745 3.060658 0.000000
-1.790829 3.074505 0.000000
-1.938389 -0.361674 0.000000
-0.494074 0.395122 0.000000
-0.541250 0.310664 0.000000
-0.581133 0.233149 0.000000
-0.562117 0.188796 0.000000
-0.507411 0.160941 0.000000
-0.472597 0.121904 0.000000
-0.396102 0.098572 0.000000
-0.328901 0.068780 0.000000
-0.267639 0.033125 0.000000
-0.327803 -0.452912 0.000000
-0.672953 -0.527395 0.000000
-0.694901 -0.570123 0.000000
-0.705695 -0.609851 0.000000
-0.711000 -0.651795 0.000000
-0.714500 -0.690504 0.000000
-0.707853 -0.732041 0.000000
-0.695476 -0.773709 0.000000
-0.661924 -0.817344 0.000000
-0.250858 -0.911195 0.000000
-0.221698 -0.969995 0.000000
-0.174629 -1.030578 0.000000
-0.185025 -1.085229 0.000000
2.441181 -1.995558 0.000000
1.913601 -1.959470 0.000000
1.484050 -1.932141 0.000000
1.240377 -1.948171 0.000000
0.856488 -1.899100 0.000000
0.590375 -1.879991 0.000000
0.369914 -1.865995 0.000000
0.163883 -1.846742 0.000000
-0.016941 -1.832273 0.000000
-0.161989 -1.825647 0.000000
-0.303498 -1.815112 0.000000
-0.416610 -1.814000 0.000000
-0.539509 -1.801322 0.000000
-0.647561 -1.792232 0.000000
-0.690281 -1.823958 0.000000
-0.689009 -1.889486 0.000000
0.148062 -2.835971 0.000000
0.096841 -2.901029 0.000000
-0.065821 -2.970279 0.000000
-0.366958 -2.763670 0.000000
-0.414159 -2.820508 0.000000
-0.315258 -3.050996 0.000000
0.517434 -4.819355 0.000000
0.387812 -4.853030 0.000000
-0.107863 -4.975378 0.000000
-0.659212 -4.905941 0.000000
-0.738334 -5.022937 0.000000
-0.780671 -5.254918 0.000000
-1.714806 -4.751445 0.000000
-2.262150 -1.769620 0.000000
-2.293191 -1.742481 0.000000
-2.318430 -1.730994 0.000000
-2.346006 -1.729656 0.000000
-2.373539 -1.728384 0.000000
