x y z
-3.210370 -3.577895 0.000000
-3.220256 -3.574207 0.000000
-3.219911 -3.620970 0.000000
-3.231893 -3.613175 0.000000
-3.250013 -3.590522 0.000000
-3.261047 -3.591893 0.000000
-3.274397 -3.588284 0.000000
-3.285188 -3.584607 0.000000
-3.297775 -3.587519 0.000000
-3.315457 -3.568406 0.000000
-3.331799 -3.564849 0.000000
-3.339829 -3.577936 0.000000
-3.350196 -3.579997 0.000000
-3.357862 -3.594808 0.000000
-3.350344 -3.628222 0.000000
-3.353989 -3.640838 0.000000
-3.367995 -3.641525 0.000000
-3.380542 -3.642068 0.000000
-3.388822 -3.647484 0.000000
-3.407432 -3.644597 0.000000
-3.418846 -3.649098 0.000000
-3.237408 -3.876901 0.000000
-3.233536 -3.909752 0.000000
-3.236424 -3.912772 0.000000
-3.240078 -3.915318 0.000000
-3.241764 -3.919149 0.000000
-3.245086 -3.922013 0.000000
-3.248984 -3.922944 0.000000
-3.804017 -3.748968 0.000000
-3.793983 -3.774366 0.000000
-3.801456 -3.790589 0.000000
-3.819178 -3.803253 0.000000
-3.817400 -3.822962 0.000000
-3.812788 -3.841327 0.000000
-3.773831 -3.952622 0.000000
-3.739091 -3.987927 0.000000
-3.751552 -4.004300 0.000000
-3.782387 -4.019512 0.000000
-3.821649 -4.035279 0.000000
-6.796235 -4.241277 0.000000
-6.777371 -4.327978 0.000000
-6.769789 -4.416421 0.000000
-7.191490 -4.562408 0.000000
-7.224560 -4.668236 0.000000
-3.336959 -4.091473 0.000000
-3.320821 -4.114460 0.000000
-3.316674 -4.117759 0.000000
-3.314081 -4.126383 0.000000
-3.305778 -4.135626 0.000000
-3.305524 -4.136510 0.000000
-3.305036 -4.146017 0.000000
-3.305875 -4.158366 0.000000
-3.307049 -4.163522 0.000000
-3.306558 -4.172381 0.000000
-3.305787 -4.179705 0.000000
-3.312879 -4.187990 0.000000
-3.317372 -4.201939 0.000000
-3.729237 -4.666035 0.000000
-3.656451 -4.624221 0.000000
-3.602835 -4.596545 0.000000
-3.564875 -4.579780 0.000000
-3.535091 -4.572525 0.000000
-3.508367 -4.567668 0.000000
-3.479902 -4.558849 0.000000
-3.460607 -4.557761 0.000000
-3.443495 -4.562847 0.000000
-3.434689 -4.576145 0.000000
-3.423858 -4.589083 0.000000
-3.461252 -4.766352 0.000000
-3.445129 -4.780516 0.000000
-3.432340 -4.803320 0.000000
-3.421614 -4.830154 0.000000
-3.421456 -4.890458 0.000000
-3.910602 -6.638896 0.000000
-3.982308 -7.120678 0.000000
-3.888756 -7.069720 0.000000
-3.861638 -7.279321 0.000000
-3.796801 -7.354418 0.000000
-3.760624 -7.604914 0.000000
-3.988016 -9.498857 0.000000
-3.855915 -9.518738 0.000000
-3.683960 -9.214592 0.000000
-3.362634 -8.219608 0.000000
-3.157634 -8.071933 0.000000
-3.057585 -8.096030 0.000000
-2.969636 -7.751139 0.000000
-2.878027 -7.741728 0.000000
-2.787975 -7.766046 0.000000
-2.697591 -7.749815 0.000000
-2.602736 -7.786473 0.000000
-2.516976 -7.735399 0.000000
-2.461726 -7.519098 0.000000
-2.451907 -7.126688 0.000000
-2.475340 -6.671475 0.000000
-2.532964 -6.161793 0.000000
-2.486782 -6.128730 0.000000
-2.477081 -5.976058 0.000000
-2.478582 -5.812463 0.000000
-2.474526 -5.683461 0.000000
-2.442992 -5.645168 0.000000
-2.421533 -5.588537 0.000000
-2.417790 -5.490232 0.000000
-2.418447 -5.396081 0.000000
-2.417019 -5.314291 0.000000
-2.420829 -5.233643 0.000000
-2.417811 -5.168810 0.000000
-2.417867 -5.104204 0.000000
-2.417736 -5.045579 0.000000
-2.419490 -4.989668 0.000000
-2.417845 -4.940234 0.000000
-2.418624 -4.890390 0.000000
-2.418806 -4.847396 0.000000
-2.418650 -4.805540 0.000000
-2.418417 -4.767022 0.000000
-2.419996 -4.728623 0.000000
-2.420932 -4.692557 0.000000
-2.419293 -4.659399 0.000000
-2.419037 -4.627873 0.000000
-2.421156 -4.596637 0.000000
-2.422231 -4.566424 0.000000
-2.423064 -4.538595 0.000000
-2.424722 -4.511810 0.000000
-2.424260 -4.485087 0.000000
-2.423618 -4.462391 0.000000
-2.423948 -4.437149 0.000000
-2.424326 -4.415235 0.000000
-2.422025 -4.392820 0.000000
-2.421335 -4.372220 0.000000
-2.421090 -4.349333 0.000000
-2.421924 -4.328566 0.000000
-2.421192 -4.309913 0.000000
-2.421417 -4.290557 0.000000
-2.421742 -4.270292 0.000000
-2.420988 -4.252928 0.000000
-2.420694 -4.233409 0.000000
-2.421587 -4.216059 0.000000
-2.422068 -4.197729 0.000000
-2.420674 -4.179389 0.000000
-2.421796 -4.163150 0.000000
-2.421606 -4.146262 0.000000
-2.421142 -4.128449 0.000000
-2.421888 -4.110587 0.000000
-2.420426 -4.095442 0.000000
-2.420094 -4.078336 0.000000
-2.421053 -4.062492 0.000000
-2.421022 -4.044976 0.000000
-2.420230 -4.028459 0.000000
-2.420095 -4.012109 0.000000
-2.421096 -3.996693 0.000000
-2.418977 -3.980470 0.000000
-2.420723 -3.964716 0.000000
-2.419970 -3.947314 0.000000
-2.418969 -3.931632 0.000000
-2.419550 -3.916221 0.000000
-2.419374 -3.898180 0.000000
-2.418408 -3.882878 0.000000
-2.419504 -3.865341 0.000000
-2.421258 -3.848022 0.000000
-2.418185 -3.830123 0.000000
-2.418298 -3.814348 0.000000
-2.418206 -3.796103 0.000000
-2.417639 -3.779052 0.000000
-2.418232 -3.759844 0.000000
-2.417720 -3.741996 0.000000
-2.416364 -3.722588 0.000000
-2.417121 -3.704986 0.000000
-2.415108 -3.685315 0.000000
-2.414819 -3.665287 0.000000
-2.415226 -3.643236 0.000000
-2.416249 -3.622643 0.000000
-2.414106 -3.600403 0.000000
-2.414680 -3.578368 0.000000
-2.411387 -3.553930 0.000000
-2.400691 -3.525116 0.000000
