x y z
-3.157017 -3.662643 0.000000
-3.167507 -3.696969 0.000000
-3.166525 -3.706829 0.000000
-3.175925 -3.712105 0.000000
-3.190990 -3.719652 0.000000
-3.191895 -3.718092 0.000000
-3.198158 -3.728029 0.000000
-3.201240 -3.724372 0.000000
-3.205689 -3.727744 0.000000
-3.217620 -3.730121 0.000000
-3.233379 -3.734050 0.000000
-3.241020 -3.735228 0.000000
-3.742674 -3.546112 0.000000
-3.746064 -3.567328 0.000000
-3.695956 -3.609778 0.000000
-3.639265 -3.654109 0.000000
-3.631484 -3.672200 0.000000
-3.677857 -3.672768 0.000000
-3.731847 -3.670293 0.000000
-6.999038 -3.762597 0.000000
-6.928781 -3.859314 0.000000
-6.861726 -3.951608 0.000000
-6.827656 -4.044222 0.000000
-4.597522 -4.002287 0.000000
-4.581383 -4.039787 0.000000
-4.577110 -4.077321 0.000000
-3.373856 -3.955587 0.000000
-4.575760 -4.153335 0.000000
-4.588842 -4.193410 0.000000
-3.314739 -3.966018 0.000000
-3.318865 -3.974675 0.000000
-3.314104 -3.984713 0.000000
-3.311255 -3.990173 0.000000
-3.310803 -4.011670 0.000000
-3.310425 -4.019970 0.000000
-3.311172 -4.028953 0.000000
-3.311933 -4.034939 0.000000
-3.318540 -4.047673 0.000000
-3.324018 -4.060951 0.000000
-5.568789 -5.533469 0.000000
-7.134035 -6.680100 0.000000
-7.109792 -6.809344 0.000000
-7.018586 -6.894798 0.000000
-3.907012 -4.636633 0.000000
-3.890753 -4.661415 0.000000
-3.891251 -4.697618 0.000000
-3.873894 -4.722252 0.000000
-3.871268 -4.758410 0.000000
-3.628736 -4.547276 0.000000
-3.583700 -4.527884 0.000000
-3.552166 -4.523868 0.000000
-3.534081 -4.532109 0.000000
-3.516066 -4.541593 0.000000
-3.497485 -4.551172 0.000000
-3.478829 -4.557173 0.000000
-3.453625 -4.555547 0.000000
-3.449519 -4.586429 0.000000
-3.436297 -4.600692 0.000000
-3.423517 -4.618779 0.000000
-3.415069 -4.644517 0.000000
-3.413110 -4.687732 0.000000
-3.413251 -4.738265 0.000000
-3.438612 -4.851747 0.000000
-3.944041 -6.464966 0.000000
-3.877438 -6.479887 0.000000
-3.800464 -6.448655 0.000000
-3.757441 -6.535067 0.000000
-3.834757 -7.103172 0.000000
-3.769139 -7.183126 0.000000
-3.729954 -7.392958 0.000000
-3.994741 -9.356636 0.000000
-3.852015 -9.304725 0.000000
-3.349509 -8.038959 0.000000
-3.143920 -7.920977 0.000000
-3.043501 -7.857489 0.000000
-2.952957 -7.582141 0.000000
-2.861958 -7.606084 0.000000
-2.769854 -7.611742 0.000000
-2.583399 -7.600184 0.000000
-2.447066 -6.856359 0.000000
-2.554082 -6.000567 0.000000
-2.467811 -5.919592 0.000000
-2.472775 -5.717692 0.000000
-2.468939 -5.573717 0.000000
-2.452714 -5.488430 0.000000
-2.413387 -5.473942 0.000000
-2.414609 -5.362298 0.000000
-2.415265 -5.262350 0.000000
-2.414343 -5.171825 0.000000
-2.414932 -5.093461 0.000000
-2.415211 -5.022147 0.000000
-2.415842 -4.953772 0.000000
-2.416613 -4.892326 0.000000
-2.417747 -4.836971 0.000000
-2.417802 -4.785730 0.000000
-2.419082 -4.735976 0.000000
-2.418797 -4.691317 0.000000
-2.419045 -4.649354 0.000000
-2.418524 -4.611726 0.000000
-2.421477 -4.574990 0.000000
-2.420628 -4.541847 0.000000
-2.420201 -4.507583 0.000000
-2.421150 -4.477364 0.000000
-2.423921 -4.446880 0.000000
-2.423374 -4.417537 0.000000
-2.424116 -4.392677 0.000000
-2.424868 -4.365526 0.000000
-2.425817 -4.341450 0.000000
-2.424974 -4.315804 0.000000
-2.424705 -4.294836 0.000000
-2.424438 -4.272635 0.000000
-2.424462 -4.251416 0.000000
-2.424336 -4.232023 0.000000
-2.423194 -4.213052 0.000000
-2.423556 -4.193337 0.000000
-2.423140 -4.173285 0.000000
-2.424091 -4.155697 0.000000
-2.424046 -4.137372 0.000000
-2.424820 -4.120640 0.000000
-2.425728 -4.101759 0.000000
-2.423320 -4.085678 0.000000
-2.425038 -4.069750 0.000000
-2.423771 -4.052101 0.000000
-2.424577 -4.037661 0.000000
-2.424196 -4.022293 0.000000
-2.424133 -4.006664 0.000000
-2.424568 -3.990244 0.000000
-2.424231 -3.974281 0.000000
-2.426008 -3.959843 0.000000
-2.425254 -3.944493 0.000000
-2.424518 -3.930852 0.000000
-2.425003 -3.915660 0.000000
-2.424628 -3.900892 0.000000
-2.424859 -3.885791 0.000000
-2.423724 -3.870181 0.000000
-2.424203 -3.855402 0.000000
-2.424042 -3.840570 0.000000
-2.425270 -3.825476 0.000000
-2.423851 -3.812583 0.000000
-2.424512 -3.797485 0.000000
-2.424754 -3.781055 0.000000
-2.424593 -3.767680 0.000000
-2.422985 -3.751625 0.000000
-2.424717 -3.735069 0.000000
-2.425552 -3.720635 0.000000
-2.423802 -3.705491 0.000000
-2.423775 -3.688421 0.000000
-2.424111 -3.671565 0.000000
-2.423751 -3.657007 0.000000
-2.424027 -3.639574 0.000000
-2.422709 -3.623087 0.000000
-2.423871 -3.604941 0.000000
-2.422673 -3.586922 0.000000
-2.422676 -3.567364 0.000000
-2.423729 -3.550449 0.000000
-2.421985 -3.531557 0.000000
-2.423057 -3.510610 0.000000
-2.422695 -3.489998 0.000000
-2.421117 -3.470570 0.000000
-2.421828 -3.448881 0.000000
-2.422988 -3.425237 0.000000
-2.422026 -3.401462 0.000000
-2.420537 -3.379384 0.000000
-2.421537 -3.353383 0.000000
-2.421626 -3.328773 0.000000
-2.420299 -3.301159 0.000000
-2.421605 -3.271868 0.000000
-2.421063 -3.243710 0.000000
-2.420065 -3.210767 0.000000
-2.419740 -3.177910 0.000000
-2.417988 -3.142321 0.000000
-2.419798 -3.107387 0.000000
-2.418357 -3.066501 0.000000
-2.416478 -3.024745 0.000000
-2.416481 -2.977152 0.000000
-2.416708 -2.930791 0.000000
-2.414275 -2.878514 0.000000
-2.412783 -2.823129 0.000000
-2.412658 -2.761360 0.000000
-2.413310 -2.698555 0.000000
-2.413564 -2.629152 0.000000
-2.413587 -2.549583 0.000000
-2.411243 -2.460152 0.000000
-2.413229 -2.368922 0.000000
