x y z
-2.442498 -3.482049 0.000000
-2.437354 -3.473534 0.000000
-2.426818 -3.465148 0.000000
-2.394723 -3.493899 0.000000
-2.375822 -3.503229 0.000000
-2.367658 -3.494579 0.000000
-2.365633 -3.481382 0.000000
-1.949555 -4.014322 0.000000
-1.942395 -4.019774 0.000000
-1.960536 -4.018392 0.000000
-1.974491 -4.021064 0.000000
-1.972597 -4.022697 0.000000
-1.970577 -4.031899 0.000000
0.711312 -6.906573 0.000000
0.554383 -6.885654 0.000000
0.254343 -6.686018 0.000000
0.198173 -6.757128 0.000000
0.144675 -6.834910 0.000000
0.076707 -6.897090 0.000000
-0.047445 -7.034475 0.000000
-0.149448 -7.052472 0.000000
-0.673021 -6.498231 0.000000
-0.893196 -6.248738 0.000000
-1.212116 -5.882941 0.000000
-1.354008 -5.701827 0.000000
-1.456461 -5.584700 0.000000
-1.544092 -5.485899 0.000000
-1.575983 -5.514581 0.000000
-1.639234 -5.464727 0.000000
-1.703493 -5.393342 0.000000
-1.763983 -5.322952 0.000000
-1.819227 -5.261529 0.000000
-1.868405 -5.205134 0.000000
-1.912441 -5.154438 0.000000
-1.953674 -5.109761 0.000000
-1.992537 -5.063620 0.000000
-2.027829 -5.023273 0.000000
-2.059675 -4.986348 0.000000
-2.090492 -4.954410 0.000000
-2.118386 -4.916608 0.000000
-2.146005 -4.885655 0.000000
-2.172351 -4.859756 0.000000
-2.195624 -4.829511 0.000000
-2.218619 -4.805442 0.000000
-2.240699 -4.777819 0.000000
-2.261135 -4.754013 0.000000
-2.279237 -4.731702 0.000000
-2.299575 -4.709558 0.000000
-2.316449 -4.686898 0.000000
-2.332784 -4.666136 0.000000
-2.350473 -4.646865 0.000000
-2.365783 -4.630210 0.000000
-2.382506 -4.613466 0.000000
-2.397498 -4.594605 0.000000
-2.413340 -4.579672 0.000000
-2.426130 -4.563192 0.000000
-2.440090 -4.547152 0.000000
-2.453907 -4.532014 0.000000
-2.467925 -4.517370 0.000000
-2.480398 -4.504051 0.000000
-2.492553 -4.488200 0.000000
-2.505679 -4.475005 0.000000
-2.518145 -4.461965 0.000000
-2.528875 -4.448024 0.000000
-2.541648 -4.434987 0.000000
-2.552168 -4.422027 0.000000
-2.566547 -4.413232 0.000000
-2.580271 -4.404731 0.000000
-2.302048 -3.703479 0.000000
-2.412068 -3.570975 0.000000
