x y z
-3.537066 -3.942265 0.000000
-3.535741 -3.937648 0.000000
-3.533371 -3.933418 0.000000
-3.532314 -3.928741 0.000000
-3.528981 -3.927261 0.000000
-3.531158 -3.918682 0.000000
-3.527692 -3.914968 0.000000
-3.525480 -3.910668 0.000000
-3.523165 -3.906423 0.000000
-3.520319 -3.902489 0.000000
-3.518234 -3.898104 0.000000
-3.516872 -3.893210 0.000000
-3.514551 -3.888891 0.000000
-3.513130 -3.883882 0.000000
-3.513323 -3.877881 0.000000
-3.513341 -3.871429 0.000000
-3.511425 -3.866356 0.000000
-3.511230 -3.859640 0.000000
-3.513737 -3.856440 0.000000
-3.509877 -3.851135 0.000000
-3.506724 -3.841878 0.000000
-3.513078 -3.809489 0.000000
-3.515089 -3.803018 0.000000
-3.524016 -3.760623 0.000000
-3.521779 -3.755354 0.000000
-3.519768 -3.748521 0.000000
-3.524931 -3.696693 0.000000
-3.521882 -3.686095 0.000000
-3.521618 -3.672061 0.000000
-3.516773 -3.658405 0.000000
-3.513615 -3.647483 0.000000
-3.509991 -3.637878 0.000000
-3.543237 -3.483280 0.000000
-3.527678 -3.487752 0.000000
-3.508909 -3.496520 0.000000
-3.498049 -3.495283 0.000000
-3.493743 -3.461080 0.000000
-3.481123 -3.350254 0.000000
-3.463834 -3.344422 0.000000
-3.450630 -3.330341 0.000000
-3.390935 -3.581723 0.000000
-3.379257 -3.599992 0.000000
-3.365781 -3.624185 0.000000
-3.358712 -3.616906 0.000000
-3.349706 -3.599249 0.000000
-3.340307 -3.605806 0.000000
-3.329301 -3.603401 0.000000
-3.322424 -3.593250 0.000000
-3.305222 -3.698887 0.000000
-3.239154 -2.891242 0.000000
-3.212946 -2.893095 0.000000
-3.184577 -2.884766 0.000000
-3.131822 -2.889893 0.000000
-3.102897 -2.891013 0.000000
-3.074647 -2.888068 0.000000
-3.076685 -3.010174 0.000000
-3.053874 -3.023186 0.000000
-3.024136 -3.009416 0.000000
-3.235262 -3.798200 0.000000
-2.920644 -3.020790 0.000000
-2.922344 -3.089074 0.000000
-2.875711 -3.047367 0.000000
-3.214714 -3.792532 0.000000
-3.203097 -3.799634 0.000000
-3.201031 -3.799565 0.000000
-3.192206 -3.808693 0.000000
-3.193675 -3.809127 0.000000
-3.182620 -3.815342 0.000000
-3.170654 -3.812964 0.000000
-3.163630 -3.814083 0.000000
-3.155953 -3.813561 0.000000
-3.150696 -3.813910 0.000000
-3.141971 -3.812919 0.000000
-3.131070 -3.811504 0.000000
-2.700293 -3.459680 0.000000
-2.686868 -3.476422 0.000000
-2.672806 -3.490358 0.000000
-2.662135 -3.508056 0.000000
-2.636667 -3.513743 0.000000
-2.609331 -3.520314 0.000000
-2.600077 -3.538946 0.000000
-2.584589 -3.554344 0.000000
-2.566319 -3.566530 0.000000
-2.543852 -3.580069 0.000000
-2.514201 -3.589093 0.000000
-2.478656 -3.595934 0.000000
-2.425275 -3.594830 0.000000
-0.380061 -3.192815 0.000000
-0.431839 -3.282565 0.000000
-0.543780 -3.382109 0.000000
-0.591206 -3.461700 0.000000
-0.551731 -3.524087 0.000000
-0.643142 -3.606368 0.000000
-0.580511 -3.664753 0.000000
-0.066391 -3.675821 0.000000
0.018268 -3.747808 0.000000
0.246062 -3.815035 0.000000
2.266536 -3.827862 0.000000
1.777454 -3.969130 0.000000
1.905845 -4.092877 0.000000
0.695120 -4.370158 0.000000
0.704319 -4.469249 0.000000
0.348174 -4.519586 0.000000
0.352197 -4.609937 0.000000
0.369837 -4.705843 0.000000
0.348497 -4.793049 0.000000
0.352866 -4.980643 0.000000
0.060816 -4.993705 0.000000
0.064067 -5.087118 0.000000
-0.563034 -4.966571 0.000000
-1.279206 -4.781701 0.000000
-1.366145 -4.860276 0.000000
-1.518728 -4.848841 0.000000
-1.671465 -4.831107 0.000000
-1.797659 -4.815156 0.000000
-1.938678 -4.788052 0.000000
-1.887376 -4.862527 0.000000
-1.984455 -4.850653 0.000000
-2.076307 -4.837549 0.000000
-2.153152 -4.831721 0.000000
-2.227714 -4.821000 0.000000
-2.294120 -4.813373 0.000000
-2.357969 -4.805939 0.000000
-2.416790 -4.797345 0.000000
-2.464778 -4.793793 0.000000
-2.514627 -4.786414 0.000000
-2.562110 -4.780234 0.000000
-2.604902 -4.774035 0.000000
-2.645485 -4.768651 0.000000
-2.682717 -4.766428 0.000000
-2.720406 -4.759455 0.000000
-2.754557 -4.755914 0.000000
-2.787410 -4.749984 0.000000
-2.818443 -4.745454 0.000000
-2.848661 -4.742410 0.000000
-2.877899 -4.738607 0.000000
-2.904535 -4.736346 0.000000
-2.930725 -4.729164 0.000000
-2.956182 -4.724786 0.000000
-2.980137 -4.723568 0.000000
-3.002755 -4.722226 0.000000
-3.025504 -4.718756 0.000000
-3.047490 -4.717161 0.000000
-3.069874 -4.715454 0.000000
-3.089603 -4.713544 0.000000
-3.110947 -4.710675 0.000000
-3.130352 -4.709039 0.000000
-3.150284 -4.704234 0.000000
-3.168870 -4.704308 0.000000
-3.187573 -4.701126 0.000000
-3.206154 -4.697735 0.000000
-3.221924 -4.697208 0.000000
-3.240550 -4.694762 0.000000
-3.258465 -4.692763 0.000000
-3.275520 -4.691487 0.000000
-3.290761 -4.689903 0.000000
-3.309334 -4.686679 0.000000
-3.324839 -4.685368 0.000000
-3.340822 -4.683460 0.000000
-3.356724 -4.682678 0.000000
-3.373964 -4.678970 0.000000
-3.391581 -4.677795 0.000000
-3.406269 -4.676920 0.000000
-3.422320 -4.674818 0.000000
-3.437873 -4.671886 0.000000
-3.455923 -4.669695 0.000000
-3.471981 -4.667637 0.000000
-3.488262 -4.666413 0.000000
-3.504261 -4.664345 0.000000
-3.520969 -4.662473 0.000000
-3.537173 -4.661104 0.000000
-3.553793 -4.658690 0.000000
-3.569745 -4.657401 0.000000
-3.587508 -4.656140 0.000000
-3.602127 -4.652980 0.000000
-3.621811 -4.652231 0.000000
-3.637096 -4.648827 0.000000
-3.655568 -4.649074 0.000000
-3.673890 -4.646442 0.000000
-3.692092 -4.643390 0.000000
-3.710536 -4.642594 0.000000
-3.728211 -4.640956 0.000000
-3.749223 -4.639761 0.000000
-3.766604 -4.635937 0.000000
-3.788472 -4.634024 0.000000
-3.809159 -4.632088 0.000000
-3.831317 -4.629131 0.000000
-3.853055 -4.627196 0.000000
-3.876128 -4.623914 0.000000
-3.898655 -4.623501 0.000000
-3.923245 -4.621025 0.000000
-3.948707 -4.617754 0.000000
-3.975803 -4.615688 0.000000
-4.002521 -4.614435 0.000000
-4.031295 -4.610253 0.000000
-4.062277 -4.608045 0.000000
-4.093989 -4.603728 0.000000
-4.125720 -4.601751 0.000000
-4.161306 -4.599257 0.000000
-3.651230 -4.184247 0.000000
-3.628892 -4.161382 0.000000
-3.628070 -4.150765 0.000000
-3.623248 -4.139211 0.000000
-3.596166 -4.114416 0.000000
-3.597198 -4.104853 0.000000
-3.579115 -4.091307 0.000000
-3.570722 -4.082131 0.000000
-3.570714 -4.068867 0.000000
-3.569279 -4.062734 0.000000
-3.568654 -4.056937 0.000000
-3.568164 -4.054604 0.000000
-3.568244 -4.048145 0.000000
-3.569483 -4.039646 0.000000
-3.570863 -4.035380 0.000000
-3.571777 -4.030038 0.000000
-3.572064 -4.024625 0.000000
-3.572970 -4.019260 0.000000
-3.572248 -4.013805 0.000000
-3.566544 -4.012444 0.000000
-3.556166 -4.003607 0.000000
-3.551061 -3.998307 0.000000
-3.551840 -3.993365 0.000000
-3.553242 -3.988266 0.000000
-3.552579 -3.983806 0.000000
-3.553938 -3.978185 0.000000
-3.555290 -3.973442 0.000000
-3.552414 -3.968308 0.000000
-3.547800 -3.964148 0.000000
-3.545556 -3.959685 0.000000
-3.543200 -3.955251 0.000000
-3.540747 -3.950904 0.000000
