x y z
-3.130780 -3.750468 0.000000
-3.165433 -3.764504 0.000000
-3.185116 -3.777992 0.000000
-3.184807 -3.776122 0.000000
-3.191006 -3.779452 0.000000
-3.207600 -3.780025 0.000000
-3.210296 -3.782254 0.000000
-3.225853 -3.792828 0.000000
-3.238719 -3.788671 0.000000
-3.251106 -3.783900 0.000000
-3.939473 -3.493368 0.000000
-5.788206 -2.816517 0.000000
-5.902680 -2.846534 0.000000
-6.308136 -2.781873 0.000000
-7.078054 -2.620780 0.000000
-7.455233 -2.615580 0.000000
-6.960462 -3.910597 0.000000
-6.894286 -4.003157 0.000000
-6.800088 -4.088979 0.000000
-6.758995 -4.175821 0.000000
-4.695874 -4.100671 0.000000
-4.718731 -4.141747 0.000000
-4.693101 -4.179172 0.000000
-4.461840 -4.173630 0.000000
-4.429575 -4.200160 0.000000
-4.766008 -4.404631 0.000000
-4.646375 -4.409745 0.000000
-4.934581 -4.553474 0.000000
-3.325469 -3.994153 0.000000
-3.320713 -3.996187 0.000000
-3.317617 -4.003243 0.000000
-3.315645 -4.006578 0.000000
-3.315258 -4.016621 0.000000
-3.311798 -4.030471 0.000000
-3.312703 -4.035562 0.000000
-3.314133 -4.042758 0.000000
-3.316797 -4.049476 0.000000
-7.048479 -7.783615 0.000000
-3.576697 -4.483428 0.000000
-3.558578 -4.490358 0.000000
-3.542309 -4.496948 0.000000
-3.526472 -4.507913 0.000000
-3.508927 -4.513159 0.000000
-3.493088 -4.522738 0.000000
-3.511985 -4.587952 0.000000
-3.468942 -4.556737 0.000000
-3.458686 -4.575966 0.000000
-3.451758 -4.600908 0.000000
-3.439168 -4.619240 0.000000
-3.431967 -4.652184 0.000000
-3.431399 -4.699487 0.000000
-3.984649 -6.477817 0.000000
-3.957995 -6.610628 0.000000
-4.031721 -7.103230 0.000000
-3.903139 -6.940762 0.000000
-3.830927 -6.969277 0.000000
-3.791792 -7.148859 0.000000
-3.752022 -7.363202 0.000000
-3.682170 -7.476581 0.000000
-3.870527 -9.388715 0.000000
-3.712731 -9.210938 0.000000
-3.271689 -8.076109 0.000000
-3.167632 -7.947006 0.000000
-3.068987 -7.932398 0.000000
-2.979259 -7.601007 0.000000
-2.887751 -7.635675 0.000000
-2.795784 -7.652374 0.000000
-2.424004 -7.657687 0.000000
-2.453249 -6.657554 0.000000
-2.535494 -6.044671 0.000000
-2.465559 -5.898904 0.000000
-2.464838 -5.737093 0.000000
-2.467597 -5.586516 0.000000
-2.449069 -5.511053 0.000000
-2.409824 -5.496710 0.000000
-2.413653 -5.382222 0.000000
-2.412833 -5.288362 0.000000
-2.414373 -5.200952 0.000000
-2.414898 -5.121816 0.000000
-2.417090 -5.049737 0.000000
-2.412443 -4.989152 0.000000
-2.415675 -4.926284 0.000000
-2.415779 -4.869699 0.000000
-2.414809 -4.820249 0.000000
-2.417317 -4.769982 0.000000
-2.417411 -4.723578 0.000000
-2.419181 -4.681193 0.000000
-2.419165 -4.642379 0.000000
-2.421802 -4.602418 0.000000
-2.421435 -4.568063 0.000000
-2.422340 -4.532342 0.000000
-2.422722 -4.500245 0.000000
-2.423164 -4.469216 0.000000
-2.424183 -4.440305 0.000000
-2.425368 -4.410345 0.000000
-2.427789 -4.381867 0.000000
-2.428936 -4.356274 0.000000
-2.427232 -4.331379 0.000000
-2.426830 -4.307465 0.000000
-2.428203 -4.285972 0.000000
-2.427536 -4.262128 0.000000
-2.426539 -4.241750 0.000000
-2.428036 -4.220341 0.000000
-2.428215 -4.197444 0.000000
-2.426200 -4.180522 0.000000
-2.427821 -4.159065 0.000000
-2.427134 -4.139253 0.000000
-2.427713 -4.120797 0.000000
-2.427309 -4.103621 0.000000
-2.426910 -4.083464 0.000000
-2.427540 -4.066900 0.000000
-2.428496 -4.048140 0.000000
-2.427088 -4.031557 0.000000
-2.427579 -4.013553 0.000000
-2.428000 -3.996905 0.000000
-2.428392 -3.980796 0.000000
-2.427537 -3.963858 0.000000
-2.426573 -3.946623 0.000000
-2.428098 -3.929979 0.000000
-2.429112 -3.914969 0.000000
-2.427914 -3.898641 0.000000
-2.428354 -3.880431 0.000000
-2.427705 -3.866087 0.000000
-2.429756 -3.848320 0.000000
-2.429128 -3.832644 0.000000
-2.427922 -3.816280 0.000000
-2.428442 -3.799242 0.000000
-2.428872 -3.782304 0.000000
-2.429359 -3.766031 0.000000
-2.427891 -3.750041 0.000000
-2.429194 -3.732326 0.000000
-2.427626 -3.716700 0.000000
-2.428216 -3.698068 0.000000
-2.428275 -3.682040 0.000000
-2.429354 -3.663909 0.000000
-2.428005 -3.645729 0.000000
-2.426734 -3.628470 0.000000
-2.428000 -3.608467 0.000000
-2.427904 -3.591649 0.000000
-2.427373 -3.572330 0.000000
-2.428722 -3.551207 0.000000
-2.427019 -3.532218 0.000000
-2.426943 -3.511466 0.000000
-2.427358 -3.489220 0.000000
-2.426388 -3.468267 0.000000
-2.426982 -3.447432 0.000000
-2.427092 -3.423552 0.000000
-2.426509 -3.399758 0.000000
-2.425272 -3.374647 0.000000
-2.426699 -3.348884 0.000000
-2.423748 -3.322578 0.000000
-2.424853 -3.296747 0.000000
-2.423561 -3.266422 0.000000
-2.423702 -3.235330 0.000000
-2.424248 -3.204256 0.000000
-2.424520 -3.171403 0.000000
-2.423221 -3.135971 0.000000
-2.422373 -3.100841 0.000000
-2.422656 -3.062473 0.000000
-2.420278 -3.020891 0.000000
-2.421861 -2.977909 0.000000
-2.420671 -2.930953 0.000000
-2.419203 -2.880369 0.000000
-2.982178 -3.647059 0.000000
-3.028075 -3.709307 0.000000
-3.052690 -3.741711 0.000000
-3.062896 -3.750681 0.000000
-3.061682 -3.751061 0.000000
-3.061443 -3.696531 0.000000
-3.068149 -3.707123 0.000000
-3.083450 -3.745085 0.000000
-3.091241 -3.748237 0.000000
