x y z
0.813100 0.459047 0.000000
0.814507 0.465877 0.000000
0.815399 0.475892 0.000000
0.815810 0.479429 0.000000
0.816269 0.486699 0.000000
0.818249 0.497611 0.000000
1.165582 0.508190 0.000000
1.167256 0.522460 0.000000
1.170071 0.537923 0.000000
1.172492 0.553880 0.000000
1.174270 0.569948 0.000000
1.175051 0.586962 0.000000
1.178411 0.602286 0.000000
1.180378 0.619478 0.000000
1.182453 0.636557 0.000000
1.184894 0.653597 0.000000
1.188014 0.669363 0.000000
1.189030 0.687994 0.000000
1.192479 0.704666 0.000000
1.194233 0.723996 0.000000
1.197056 0.742657 0.000000
1.199165 0.762124 0.000000
1.200878 0.782110 0.000000
1.204033 0.800775 0.000000
1.207555 0.821442 0.000000
1.212146 0.842999 0.000000
1.213674 0.865841 0.000000
1.217688 0.887772 0.000000
1.221604 0.912136 0.000000
1.223964 0.937224 0.000000
1.228044 0.962406 0.000000
1.232418 0.988169 0.000000
1.235498 1.015475 0.000000
1.239042 1.045125 0.000000
1.244503 1.074710 0.000000
1.250088 1.107016 0.000000
1.256995 1.141634 0.000000
1.261227 1.178500 0.000000
1.267249 1.214770 0.000000
1.271766 1.255437 0.000000
1.278062 1.297684 0.000000
1.285206 1.341446 0.000000
1.293510 1.390478 0.000000
1.298307 1.439407 0.000000
1.307243 1.496055 0.000000
1.315483 1.556828 0.000000
1.325207 1.623385 0.000000
1.323734 1.680706 0.000000
1.331980 1.753417 0.000000
1.343201 1.836667 0.000000
1.353504 1.927125 0.000000
1.368203 2.031638 0.000000
1.394111 2.167177 0.000000
1.409686 2.299356 0.000000
1.440276 2.470871 0.000000
1.476936 2.682957 0.000000
1.446073 2.754005 0.000000
1.409062 2.823643 0.000000
1.367645 2.886432 0.000000
1.324632 2.946923 0.000000
1.279208 3.014006 0.000000
1.236910 3.090842 0.000000
1.193153 3.186194 0.000000
1.143372 3.262593 0.000000
1.090930 3.341042 0.000000
1.026749 3.380387 0.000000
0.954028 3.372292 0.000000
0.747455 2.377948 0.000000
0.704826 2.389666 0.000000
0.604715 3.436205 0.000000
0.534584 3.451126 0.000000
0.464128 3.446610 0.000000
0.390651 3.459534 0.000000
0.317881 3.485991 0.000000
0.245072 3.487657 0.000000
0.170084 3.504422 0.000000
0.097371 3.508130 0.000000
0.018713 3.528401 0.000000
-0.061147 3.537441 0.000000
-0.139718 3.546854 0.000000
-0.197059 3.456662 0.000000
-0.273172 3.459589 0.000000
-0.357017 3.481886 0.000000
-0.402095 3.374030 0.000000
-0.423506 3.206999 0.000000
-0.443376 3.061417 0.000000
-0.462343 2.924785 0.000000
-0.479090 2.801589 0.000000
-0.491958 2.687186 0.000000
-0.510311 2.587367 0.000000
-0.526009 2.497890 0.000000
-0.536988 2.404605 0.000000
-0.551027 2.322699 0.000000
-0.575600 2.263546 0.000000
-0.611451 2.226824 0.000000
-0.622793 2.153888 0.000000
-0.630819 2.082706 0.000000
-0.598886 1.960621 0.000000
-0.606852 1.900730 0.000000
-0.616690 1.842423 0.000000
-0.625095 1.788196 0.000000
-0.633275 1.736858 0.000000
-0.641120 1.684787 0.000000
-0.648338 1.636142 0.000000
-0.657135 1.590229 0.000000
-0.663168 1.542936 0.000000
-0.668017 1.497464 0.000000
-0.672153 1.452993 0.000000
-0.678533 1.410658 0.000000
-0.685857 1.369239 0.000000
-0.693490 1.330092 0.000000
-0.696980 1.289683 0.000000
-0.702687 1.253060 0.000000
-0.708457 1.217691 0.000000
-0.713903 1.180204 0.000000
-0.716397 1.143224 0.000000
-0.723077 1.109457 0.000000
-0.726048 1.072832 0.000000
-0.735002 1.041003 0.000000
-0.736770 1.006163 0.000000
-0.741601 0.972236 0.000000
-0.741852 0.936753 0.000000
-0.751814 0.906753 0.000000
-0.751696 0.871979 0.000000
-0.759638 0.841627 0.000000
-0.766126 0.810930 0.000000
-0.766366 0.777138 0.000000
-0.773964 0.745735 0.000000
-0.778159 0.714798 0.000000
-0.777448 0.682883 0.000000
-0.787046 0.650867 0.000000
-0.787043 0.618841 0.000000
-0.795223 0.587772 0.000000
-0.797926 0.555852 0.000000
-0.801860 0.523142 0.000000
-0.809486 0.490554 0.000000
-0.812102 0.458861 0.000000
-0.817860 0.425317 0.000000
-0.819879 0.392821 0.000000
-0.828311 0.359363 0.000000
-0.740663 0.335718 0.000000
-0.637835 0.321305 0.000000
-0.545059 0.306570 0.000000
-0.466794 0.295819 0.000000
-0.398472 0.284599 0.000000
-0.336527 0.275936 0.000000
-0.283369 0.268466 0.000000
-0.237529 0.259573 0.000000
-0.192724 0.253984 0.000000
-0.153637 0.249436 0.000000
-0.116516 0.243035 0.000000
-0.085644 0.238536 0.000000
-0.055464 0.233571 0.000000
-0.025860 0.231872 0.000000
0.000367 0.225653 0.000000
0.024596 0.223438 0.000000
0.048407 0.219225 0.000000
0.067739 0.217685 0.000000
0.089470 0.213550 0.000000
0.107871 0.211375 0.000000
0.124915 0.207783 0.000000
0.144110 0.205668 0.000000
0.160443 0.204801 0.000000
0.175419 0.202104 0.000000
0.189932 0.199621 0.000000
0.204950 0.197416 0.000000
0.219330 0.194552 0.000000
0.232494 0.192917 0.000000
0.245528 0.192416 0.000000
0.258573 0.190933 0.000000
0.269904 0.188936 0.000000
0.281941 0.187044 0.000000
0.293223 0.185726 0.000000
0.304221 0.183101 0.000000
0.312895 0.183155 0.000000
0.325808 0.180835 0.000000
0.334217 0.180606 0.000000
0.345591 0.178400 0.000000
0.355634 0.176933 0.000000
0.364369 0.176623 0.000000
0.372693 0.174500 0.000000
0.381600 0.173700 0.000000
0.394527 0.172128 0.000000
0.403101 0.170913 0.000000
0.408836 0.169776 0.000000
0.418755 0.169033 0.000000
0.426485 0.167344 0.000000
0.437273 0.166370 0.000000
0.445718 0.165971 0.000000
0.454420 0.164195 0.000000
0.462039 0.164094 0.000000
0.472143 0.162031 0.000000
0.480890 0.159667 0.000000
0.489347 0.159814 0.000000
0.495136 0.158341 0.000000
0.506342 0.157955 0.000000
0.514911 0.156207 0.000000
0.522581 0.154912 0.000000
0.530200 0.154030 0.000000
0.540565 0.152198 0.000000
0.549152 0.150766 0.000000
0.556037 0.149362 0.000000
0.564898 0.148065 0.000000
0.575259 0.147701 0.000000
0.585482 0.145821 0.000000
0.593188 0.144462 0.000000
0.602286 0.143042 0.000000
0.612335 0.142314 0.000000
0.622297 0.140516 0.000000
0.631788 0.138804 0.000000
0.640639 0.137612 0.000000
0.651717 0.135776 0.000000
0.661755 0.134347 0.000000
0.672810 0.132458 0.000000
0.684982 0.132109 0.000000
0.697083 0.129848 0.000000
0.708969 0.127749 0.000000
0.720405 0.125948 0.000000
0.732049 0.123635 0.000000
0.746484 0.122279 0.000000
0.759906 0.120080 0.000000
0.774725 0.119055 0.000000
0.789880 0.116507 0.000000
0.804101 0.114531 0.000000
0.820126 0.111996 0.000000
0.837364 0.109468 0.000000
0.790760 0.193395 0.000000
0.790267 0.206852 0.000000
0.792349 0.222950 0.000000
0.793686 0.237101 0.000000
0.794073 0.247455 0.000000
0.797071 0.261255 0.000000
0.797834 0.272295 0.000000
0.797728 0.283008 0.000000
0.799829 0.295632 0.000000
0.800037 0.304590 0.000000
0.800717 0.315352 0.000000
0.802582 0.325634 0.000000
0.803225 0.334475 0.000000
0.803777 0.344503 0.000000
0.803484 0.352491 0.000000
0.805587 0.364257 0.000000
0.805679 0.372778 0.000000
0.805325 0.377819 0.000000
0.807568 0.388893 0.000000
0.807293 0.394705 0.000000
0.808162 0.404471 0.000000
0.808607 0.410081 0.000000
0.808873 0.418656 0.000000
0.810705 0.428950 0.000000
0.810718 0.436592 0.000000
0.812402 0.444500 0.000000
0.813357 0.449970 0.000000
