x y z
-3.117998 -3.676812 0.000000
-3.118898 -3.680101 0.000000
-3.242768 -3.726893 0.000000
-3.286679 -3.733597 0.000000
-3.815359 -3.625845 0.000000
-3.815039 -3.645167 0.000000
-3.816340 -3.663527 0.000000
-3.823585 -3.680753 0.000000
-3.819143 -3.698884 0.000000
-3.802746 -3.737691 0.000000
-3.799146 -3.754242 0.000000
-3.788110 -3.788537 0.000000
-3.787105 -3.807045 0.000000
-3.789679 -3.822725 0.000000
-3.796289 -3.841037 0.000000
-3.805770 -3.858373 0.000000
-3.825829 -3.876612 0.000000
-3.862402 -3.896919 0.000000
-7.220914 -4.377506 0.000000
-7.276608 -4.487975 0.000000
-3.316029 -3.917885 0.000000
-3.309158 -3.919341 0.000000
-3.303537 -3.933250 0.000000
-3.303433 -3.933426 0.000000
-3.305213 -3.939210 0.000000
-3.304254 -3.950029 0.000000
-3.304123 -3.957335 0.000000
-3.302657 -3.967883 0.000000
-3.303484 -3.978251 0.000000
-3.303825 -3.981419 0.000000
-3.757060 -4.411908 0.000000
-3.762853 -4.447938 0.000000
-3.766589 -4.482453 0.000000
-3.571186 -4.345072 0.000000
-3.553695 -4.350098 0.000000
-3.540259 -4.362934 0.000000
-3.529698 -4.377051 0.000000
-3.520363 -4.392874 0.000000
-3.511448 -4.408837 0.000000
-3.502176 -4.428203 0.000000
-3.530798 -4.575377 0.000000
-3.512831 -4.586864 0.000000
-3.493375 -4.598262 0.000000
-3.476234 -4.609021 0.000000
-3.459152 -4.623099 0.000000
-3.442656 -4.638004 0.000000
-3.427050 -4.658757 0.000000
-3.413865 -4.685771 0.000000
-3.415493 -4.754744 0.000000
-3.969723 -6.421556 0.000000
-4.108897 -7.071036 0.000000
-3.981421 -6.930437 0.000000
-3.881975 -6.861172 0.000000
-3.838660 -7.000382 0.000000
-3.789373 -7.135313 0.000000
-3.747089 -7.349353 0.000000
-3.985061 -9.283652 0.000000
-3.819531 -9.070780 0.000000
-3.683800 -9.006329 0.000000
-3.285132 -8.578240 0.000000
-3.156175 -7.871475 0.000000
-3.060031 -7.543177 0.000000
-2.969794 -7.560156 0.000000
-2.877265 -7.582626 0.000000
-2.787745 -7.563758 0.000000
-2.604128 -7.582075 0.000000
-2.515835 -7.555276 0.000000
-2.473729 -6.812279 0.000000
-2.484002 -6.428980 0.000000
-2.481426 -5.944209 0.000000
-2.482203 -5.756133 0.000000
-2.484932 -5.590120 0.000000
-2.480313 -5.464169 0.000000
-2.421569 -5.383201 0.000000
-2.420518 -5.281489 0.000000
-2.419439 -5.192388 0.000000
-2.419898 -5.107986 0.000000
-2.421052 -5.028526 0.000000
-2.417886 -4.965073 0.000000
-2.416174 -4.904986 0.000000
-2.418496 -4.843831 0.000000
-2.418024 -4.791314 0.000000
-2.417800 -4.739893 0.000000
-2.417651 -4.692868 0.000000
-2.418548 -4.647980 0.000000
-2.418536 -4.604690 0.000000
-2.417819 -4.568126 0.000000
-2.417178 -4.532173 0.000000
-2.418343 -4.494313 0.000000
-2.419565 -4.462336 0.000000
-2.419056 -4.431045 0.000000
-2.418394 -4.400953 0.000000
-2.419575 -4.370585 0.000000
-2.421699 -4.342870 0.000000
-2.421350 -4.314416 0.000000
-2.421593 -4.289140 0.000000
-2.420108 -4.266201 0.000000
-2.420772 -4.242017 0.000000
-2.419985 -4.219772 0.000000
-2.420849 -4.197426 0.000000
-2.418994 -4.177481 0.000000
-2.419985 -4.155551 0.000000
-2.417784 -4.135114 0.000000
-2.419981 -4.115267 0.000000
-2.417727 -4.094825 0.000000
-2.417563 -4.077507 0.000000
-2.418618 -4.058150 0.000000
-2.418009 -4.038751 0.000000
-2.417464 -4.021256 0.000000
-2.417716 -4.004163 0.000000
-2.418536 -3.984811 0.000000
-2.415480 -3.968631 0.000000
-2.417497 -3.951590 0.000000
-2.417273 -3.935433 0.000000
-2.416328 -3.918775 0.000000
-2.415651 -3.902916 0.000000
-2.415735 -3.886109 0.000000
-2.416601 -3.867853 0.000000
-2.415696 -3.853345 0.000000
-2.416455 -3.835457 0.000000
-2.415242 -3.820619 0.000000
-2.415366 -3.803173 0.000000
-2.416625 -3.787965 0.000000
-2.414742 -3.772450 0.000000
-2.413772 -3.756139 0.000000
-2.413308 -3.738657 0.000000
-2.413609 -3.722654 0.000000
-2.413466 -3.707069 0.000000
-2.413166 -3.690018 0.000000
-2.412882 -3.672427 0.000000
-2.411469 -3.654972 0.000000
-2.412068 -3.638348 0.000000
-2.412302 -3.621655 0.000000
-2.412912 -3.603265 0.000000
-2.412707 -3.586395 0.000000
-2.410261 -3.568685 0.000000
-2.410915 -3.549428 0.000000
-2.411268 -3.530137 0.000000
-2.410765 -3.511414 0.000000
-2.407985 -3.492581 0.000000
-2.408863 -3.472736 0.000000
-2.407828 -3.452636 0.000000
-2.408503 -3.430766 0.000000
-2.407801 -3.409245 0.000000
-2.406414 -3.388210 0.000000
-2.406137 -3.365675 0.000000
-2.405370 -3.340188 0.000000
-2.404803 -3.317019 0.000000
-2.405201 -3.291165 0.000000
-2.404602 -3.265375 0.000000
-2.402140 -3.238624 0.000000
-2.403395 -3.209736 0.000000
-2.401220 -3.180246 0.000000
-2.400744 -3.149256 0.000000
-2.400513 -3.115919 0.000000
-2.398434 -3.081318 0.000000
-2.397964 -3.046266 0.000000
-2.396630 -3.005710 0.000000
-2.394781 -2.967674 0.000000
-2.392685 -2.923749 0.000000
-2.393995 -2.878932 0.000000
-2.391459 -2.829085 0.000000
-2.389470 -2.778385 0.000000
-2.388790 -2.720978 0.000000
-2.897707 -3.459516 0.000000
-2.932653 -3.499296 0.000000
-2.965775 -3.542678 0.000000
-2.985345 -3.559457 0.000000
-3.010701 -3.584530 0.000000
-3.013885 -3.592686 0.000000
-3.022134 -3.596007 0.000000
-3.032174 -3.598020 0.000000
-3.038212 -3.600598 0.000000
-3.039698 -3.603068 0.000000
-3.053788 -3.627124 0.000000
-3.061547 -3.637684 0.000000
-3.066301 -3.641785 0.000000
-3.070208 -3.640298 0.000000
-3.074322 -3.641150 0.000000
-3.078569 -3.645097 0.000000
-3.082737 -3.651147 0.000000
-3.086565 -3.657300 0.000000
-3.090104 -3.662544 0.000000
-3.096610 -3.666765 0.000000
-3.096649 -3.670022 0.000000
-3.099749 -3.672497 0.000000
-3.102957 -3.673304 0.000000
-3.113296 -3.670501 0.000000
