x y z
-3.187373 -3.731792 0.000000
-3.183123 -3.736814 0.000000
-3.199055 -3.737141 0.000000
-3.212326 -3.749729 0.000000
-3.236179 -3.754786 0.000000
-3.457454 -3.713920 0.000000
-3.468347 -3.740504 0.000000
-3.450885 -3.753725 0.000000
-3.451600 -3.763477 0.000000
-3.457259 -3.772504 0.000000
-4.168814 -3.731018 0.000000
-3.848970 -3.783461 0.000000
-3.819040 -3.804591 0.000000
-3.845545 -3.821183 0.000000
-6.734054 -4.066058 0.000000
-6.797844 -4.157974 0.000000
-6.886501 -4.257150 0.000000
-7.243673 -4.398107 0.000000
-3.324190 -3.904258 0.000000
-3.310080 -3.929225 0.000000
-3.306730 -3.933393 0.000000
-3.306269 -3.940453 0.000000
-3.297920 -3.947446 0.000000
-3.296234 -3.949371 0.000000
-3.291294 -3.963902 0.000000
-3.296907 -3.971228 0.000000
-3.297070 -3.977983 0.000000
-3.300569 -3.984663 0.000000
-3.298061 -3.994176 0.000000
-3.299416 -4.004053 0.000000
-3.306709 -4.012878 0.000000
-3.603041 -4.427916 0.000000
-3.582217 -4.432397 0.000000
-3.566186 -4.443978 0.000000
-3.549546 -4.455393 0.000000
-3.539309 -4.470223 0.000000
-3.524353 -4.483579 0.000000
-3.514971 -4.502279 0.000000
-3.501944 -4.518043 0.000000
-3.490095 -4.536061 0.000000
-3.480964 -4.560054 0.000000
-3.501188 -4.637596 0.000000
-3.482545 -4.648337 0.000000
-3.440220 -4.614921 0.000000
-3.425077 -4.629505 0.000000
-3.415079 -4.658519 0.000000
-3.411009 -4.709393 0.000000
-3.396545 -4.730538 0.000000
-3.383510 -4.767042 0.000000
-3.886951 -6.898466 0.000000
-3.848737 -7.068233 0.000000
-3.787573 -7.165692 0.000000
-3.751124 -7.412021 0.000000
-3.984689 -9.317216 0.000000
-3.812173 -9.048120 0.000000
-3.357077 -8.018175 0.000000
-3.316497 -9.288918 0.000000
-3.184980 -9.276235 0.000000
-3.055523 -7.575375 0.000000
-2.965479 -7.574920 0.000000
-2.874916 -7.563260 0.000000
-2.690979 -7.615400 0.000000
-2.597422 -7.609633 0.000000
-2.520348 -7.514284 0.000000
-2.474371 -7.243474 0.000000
-2.510172 -6.630896 0.000000
-2.578041 -6.001248 0.000000
-2.500558 -5.692722 0.000000
-2.498175 -5.552936 0.000000
-2.478043 -5.477509 0.000000
-2.332285 -5.740974 0.000000
-2.437574 -5.351229 0.000000
-2.434926 -5.258163 0.000000
-2.432803 -5.169732 0.000000
-2.430656 -5.091875 0.000000
-2.429646 -5.020638 0.000000
-2.426605 -4.957585 0.000000
-2.427501 -4.896482 0.000000
-2.423707 -4.844230 0.000000
-2.422953 -4.791246 0.000000
-2.424884 -4.739832 0.000000
-2.422148 -4.695588 0.000000
-2.421530 -4.652378 0.000000
-2.422656 -4.612314 0.000000
-2.420225 -4.575646 0.000000
-2.420678 -4.539363 0.000000
-2.421621 -4.504452 0.000000
-2.420472 -4.472637 0.000000
-2.421278 -4.439109 0.000000
-2.421672 -4.409813 0.000000
-2.420945 -4.383014 0.000000
-2.422341 -4.352862 0.000000
-2.422365 -4.327335 0.000000
-2.420494 -4.302181 0.000000
-2.420631 -4.279398 0.000000
-2.419615 -4.256796 0.000000
-2.418988 -4.234861 0.000000
-2.419696 -4.210333 0.000000
-2.416313 -4.191200 0.000000
-2.415908 -4.169243 0.000000
-2.416169 -4.150893 0.000000
-2.413981 -4.130549 0.000000
-2.416170 -4.111496 0.000000
-2.415423 -4.092833 0.000000
-2.413470 -4.073286 0.000000
-2.413939 -4.054614 0.000000
-2.412647 -4.038043 0.000000
-2.412400 -4.020158 0.000000
-2.414267 -4.001758 0.000000
-2.412275 -3.985775 0.000000
-2.412501 -3.968823 0.000000
-2.411612 -3.950567 0.000000
-2.411174 -3.935188 0.000000
-2.410268 -3.919409 0.000000
-2.408793 -3.902086 0.000000
-2.409608 -3.885692 0.000000
-2.409299 -3.869116 0.000000
-2.408189 -3.853534 0.000000
-2.408166 -3.836623 0.000000
-2.407315 -3.819905 0.000000
-2.407624 -3.803360 0.000000
-2.407340 -3.786772 0.000000
-2.405548 -3.772229 0.000000
-2.405479 -3.756056 0.000000
-2.406077 -3.737640 0.000000
-2.405080 -3.721335 0.000000
-2.404757 -3.704794 0.000000
-2.404631 -3.687947 0.000000
-2.402684 -3.671879 0.000000
-2.403268 -3.653244 0.000000
-2.402719 -3.637663 0.000000
-2.402205 -3.617846 0.000000
-2.400631 -3.601237 0.000000
-2.400352 -3.582689 0.000000
-2.399805 -3.563915 0.000000
-2.398923 -3.545066 0.000000
-2.398799 -3.525475 0.000000
-2.399053 -3.506088 0.000000
-2.396157 -3.486114 0.000000
-2.395485 -3.464823 0.000000
-2.395470 -3.444295 0.000000
-2.395840 -3.421448 0.000000
-2.393726 -3.399758 0.000000
-2.392219 -3.376439 0.000000
-2.394520 -3.352737 0.000000
-2.390691 -3.327312 0.000000
-2.390109 -3.301566 0.000000
-2.390172 -3.275361 0.000000
-2.387969 -3.247547 0.000000
-2.385432 -3.216603 0.000000
-2.384738 -3.186248 0.000000
-2.384195 -3.155386 0.000000
-2.383321 -3.122379 0.000000
-2.383337 -3.085454 0.000000
-2.379114 -3.048157 0.000000
-2.375882 -3.007301 0.000000
-2.375599 -2.966663 0.000000
-2.373433 -2.919675 0.000000
-2.371794 -2.874036 0.000000
-2.370624 -2.823240 0.000000
-2.366716 -2.766642 0.000000
-2.893914 -3.482321 0.000000
-2.937193 -3.536948 0.000000
-2.965241 -3.566496 0.000000
-2.987234 -3.592150 0.000000
-3.004176 -3.600996 0.000000
-3.007888 -3.607123 0.000000
-3.013602 -3.610246 0.000000
-3.022209 -3.610813 0.000000
-3.030104 -3.611344 0.000000
-3.035597 -3.611882 0.000000
-3.040916 -3.621244 0.000000
-3.052502 -3.649616 0.000000
-3.059054 -3.654954 0.000000
-3.063141 -3.654210 0.000000
-3.067729 -3.659796 0.000000
-3.074188 -3.669641 0.000000
-3.076292 -3.676559 0.000000
-3.079931 -3.681225 0.000000
-3.083318 -3.684727 0.000000
-3.086638 -3.686560 0.000000
-3.092182 -3.688883 0.000000
-3.092982 -3.689951 0.000000
-3.096351 -3.687515 0.000000
