x y z
-4.380875 -6.082316 0.000000
-4.414668 -6.075859 0.000000
-4.456334 -6.074686 0.000000
-4.489320 -6.066316 0.000000
-4.563226 -6.102279 0.000000
-4.701335 -6.205257 0.000000
-4.786194 -6.236498 0.000000
-4.835398 -6.229231 0.000000
-5.484474 -6.268547 0.000000
-4.543645 -5.557555 0.000000
-4.934032 -5.632303 0.000000
-4.925930 -5.590071 0.000000
-4.968352 -5.570565 0.000000
-5.150187 -5.518651 0.000000
-5.611177 -5.517251 0.000000
-5.590774 -5.462323 0.000000
-5.258227 -5.340423 0.000000
-4.813361 -5.215255 0.000000
-6.172355 -5.209013 0.000000
-5.957778 -5.133857 0.000000
-4.098912 -4.999280 0.000000
-4.247566 -4.939847 0.000000
-4.247443 -4.924938 0.000000
-4.256341 -4.907056 0.000000
-5.338899 -4.534105 0.000000
-5.331183 -4.490679 0.000000
-5.183964 -4.492271 0.000000
-5.241529 -4.428564 0.000000
-5.225720 -4.389849 0.000000
-5.175932 -4.364536 0.000000
-5.231659 -4.295473 0.000000
-5.196922 -4.263620 0.000000
-5.161618 -4.231973 0.000000
-5.125740 -4.202682 0.000000
-5.097804 -4.169799 0.000000
-4.382887 -4.517185 0.000000
-4.363436 -4.502902 0.000000
-4.350821 -4.484960 0.000000
-3.908227 -4.772113 0.000000
-3.904776 -4.761945 0.000000
-4.302240 -4.346903 0.000000
-4.302444 -4.313488 0.000000
-4.672705 -3.778785 0.000000
-4.643844 -3.749550 0.000000
-4.612612 -3.724507 0.000000
-4.582445 -3.698668 0.000000
-4.555259 -3.666638 0.000000
-4.524959 -3.640038 0.000000
-4.464104 -3.581923 0.000000
-4.432966 -3.556488 0.000000
-4.402181 -3.526652 0.000000
-4.381794 -3.477413 0.000000
-4.202586 -3.751034 0.000000
-4.175961 -3.725106 0.000000
-4.275701 -3.398179 0.000000
-4.238438 -3.373839 0.000000
-4.109203 -3.608488 0.000000
-3.763083 -4.527984 0.000000
-3.686155 -4.709140 0.000000
-3.674016 -4.721154 0.000000
-3.663830 -4.729977 0.000000
-3.651773 -4.736871 0.000000
-3.647318 -4.743245 0.000000
-3.635547 -4.749014 0.000000
-3.630217 -4.753841 0.000000
-3.623423 -4.758268 0.000000
-3.618358 -4.763578 0.000000
-3.607974 -4.771277 0.000000
-3.604214 -4.778316 0.000000
-3.598973 -4.784579 0.000000
-3.593701 -4.785949 0.000000
-3.584805 -4.786246 0.000000
-3.575212 -4.790340 0.000000
-3.569886 -4.793066 0.000000
-3.564410 -4.794945 0.000000
-3.559064 -4.797196 0.000000
-3.553580 -4.799114 0.000000
-3.549747 -4.799306 0.000000
-3.548511 -4.794975 0.000000
-3.538055 -4.806776 0.000000
-3.533487 -4.810558 0.000000
-3.530437 -4.810795 0.000000
-3.522287 -4.813481 0.000000
-3.519933 -4.811574 0.000000
-3.522960 -4.830236 0.000000
-3.500493 -4.820595 0.000000
-3.490268 -4.825718 0.000000
-3.488080 -4.825400 0.000000
-3.481387 -4.828953 0.000000
-3.480020 -4.828099 0.000000
-3.470910 -4.833591 0.000000
-3.462059 -4.838464 0.000000
-3.459419 -4.832469 0.000000
-3.450646 -4.832926 0.000000
-3.446026 -4.838309 0.000000
-3.442092 -4.842559 0.000000
-3.434391 -4.844802 0.000000
-3.426951 -4.842915 0.000000
-3.419449 -4.844967 0.000000
-3.409137 -4.845956 0.000000
-3.398007 -4.843034 0.000000
-3.390901 -4.844438 0.000000
-3.381073 -4.847208 0.000000
-2.580756 -4.391870 0.000000
-2.564417 -4.416215 0.000000
-2.545566 -4.439319 0.000000
-2.520312 -4.459460 0.000000
-2.502341 -4.485687 0.000000
-2.476251 -4.506298 0.000000
-2.456929 -4.531299 0.000000
-2.432901 -4.555253 0.000000
-2.410643 -4.580937 0.000000
-2.384296 -4.604755 0.000000
-2.358749 -4.629316 0.000000
-2.333860 -4.656049 0.000000
-2.312619 -4.683803 0.000000
-2.284585 -4.711034 0.000000
-2.257770 -4.739953 0.000000
-2.229434 -4.769223 0.000000
-2.201852 -4.800519 0.000000
-2.170073 -4.831986 0.000000
-2.139785 -4.864556 0.000000
-2.106501 -4.898181 0.000000
-2.069998 -4.933102 0.000000
-2.037843 -4.968973 0.000000
-1.999516 -5.008024 0.000000
-2.048642 -5.046254 0.000000
-1.984264 -5.087521 0.000000
-1.943088 -5.128695 0.000000
-1.827002 -5.178446 0.000000
-1.834612 -5.222137 0.000000
-1.712181 -5.282948 0.000000
-1.655646 -5.339499 0.000000
-1.594377 -5.400131 0.000000
-1.541541 -5.461332 0.000000
-1.464953 -5.531272 0.000000
-1.404740 -5.603967 0.000000
-1.324932 -5.684246 0.000000
-1.235079 -5.773374 0.000000
-1.153953 -5.863786 0.000000
-1.041616 -5.972622 0.000000
-0.924294 -6.090047 0.000000
-0.806598 -6.215569 0.000000
-0.650085 -6.367908 0.000000
1.420529 -7.749225 0.000000
1.396739 -8.063803 0.000000
1.221818 -8.122902 0.000000
1.102569 -8.214623 0.000000
0.410000 -9.304177 0.000000
-1.368362 -7.955616 0.000000
-2.941433 -6.277772 0.000000
-2.966294 -6.305312 0.000000
-3.281815 -5.913625 0.000000
-3.314997 -5.897077 0.000000
-3.334733 -5.905112 0.000000
-3.352269 -5.928687 0.000000
-2.287964 -9.972410 0.000000
-2.865643 -8.174599 0.000000
-3.156291 -10.133167 0.000000
-3.530264 -10.340693 0.000000
-3.654002 -7.395828 0.000000
-3.672572 -5.860359 0.000000
-3.692839 -5.847148 0.000000
-4.378501 -9.842066 0.000000
-4.645006 -10.664885 0.000000
-4.559829 -7.538903 0.000000
-4.937477 -8.321149 0.000000
-4.763939 -7.682576 0.000000
-4.252770 -6.205882 0.000000
-4.252346 -6.131697 0.000000
-4.292738 -6.140293 0.000000
-4.317778 -6.121386 0.000000
-4.352192 -6.114857 0.000000
-4.370445 -6.087243 0.000000
