x y z
2.127829 1.504612 0.000000
2.127937 1.521742 0.000000
2.129050 1.539518 0.000000
2.126866 1.557690 0.000000
2.127454 1.574893 0.000000
2.128835 1.592467 0.000000
2.128419 1.611463 0.000000
2.128737 1.628843 0.000000
2.129000 1.648524 0.000000
2.129863 1.667251 0.000000
2.130362 1.685760 0.000000
2.130926 1.705069 0.000000
2.131493 1.725884 0.000000
2.130982 1.744866 0.000000
2.132095 1.767081 0.000000
2.126048 1.784624 0.000000
2.122892 1.804323 0.000000
2.121705 1.827235 0.000000
2.124708 1.848929 0.000000
2.122795 1.871662 0.000000
2.122708 1.897061 0.000000
2.122486 1.921281 0.000000
2.122962 1.947128 0.000000
2.123323 1.973551 0.000000
2.124858 2.001324 0.000000
2.125439 2.031408 0.000000
2.126860 2.060855 0.000000
2.128020 2.091720 0.000000
2.128432 2.124780 0.000000
2.129919 2.160207 0.000000
2.133660 2.201643 0.000000
2.136409 2.243131 0.000000
2.137953 2.286150 0.000000
2.138816 2.330504 0.000000
2.138743 2.375399 0.000000
2.143833 2.428130 0.000000
2.144733 2.484535 0.000000
2.145158 2.540643 0.000000
2.148477 2.606487 0.000000
2.151636 2.674476 0.000000
2.156277 2.755132 0.000000
2.154831 2.829875 0.000000
2.126751 2.862196 0.000000
2.098435 2.896022 0.000000
2.073663 2.933784 0.000000
2.043020 2.967305 0.000000
2.015517 3.009513 0.000000
1.982698 3.042207 0.000000
1.949666 3.077568 0.000000
1.916532 3.116828 0.000000
1.883336 3.157611 0.000000
1.849493 3.206498 0.000000
1.814250 3.255861 0.000000
1.778360 3.304254 0.000000
1.737852 3.352860 0.000000
1.695188 3.397043 0.000000
1.650136 3.431758 0.000000
1.600676 3.425273 0.000000
1.551648 3.426337 0.000000
1.502154 3.426963 0.000000
1.451615 3.426122 0.000000
1.402741 3.427522 0.000000
1.353169 3.430199 0.000000
1.302886 3.431855 0.000000
1.254017 3.433381 0.000000
1.204559 3.427872 0.000000
1.153810 3.443653 0.000000
1.102757 3.440749 0.000000
1.051850 3.438613 0.000000
1.001129 3.436521 0.000000
0.947651 3.444078 0.000000
0.897314 3.438273 0.000000
0.842385 3.440800 0.000000
0.789921 3.436458 0.000000
0.733404 3.440233 0.000000
0.677296 3.441459 0.000000
0.617916 3.446469 0.000000
0.559669 3.447007 0.000000
0.501041 3.447047 0.000000
0.449550 3.425769 0.000000
0.425671 3.352755 0.000000
0.367104 3.347528 0.000000
0.303067 3.345670 0.000000
0.235499 3.348779 0.000000
0.207036 3.289184 0.000000
0.207726 3.191777 0.000000
0.205472 3.101303 0.000000
0.202749 3.022828 0.000000
0.207514 2.935611 0.000000
0.204146 2.864987 0.000000
0.203996 2.793899 0.000000
0.200611 2.730091 0.000000
0.198079 2.667906 0.000000
0.201177 2.605911 0.000000
0.202731 2.547682 0.000000
0.201283 2.494672 0.000000
0.195369 2.445217 0.000000
0.197628 2.392259 0.000000
0.197376 2.343821 0.000000
0.195575 2.299714 0.000000
0.192808 2.255204 0.000000
0.198486 2.209567 0.000000
0.198198 2.166373 0.000000
0.147139 2.112462 0.000000
0.147391 2.073447 0.000000
0.144034 2.035339 0.000000
0.142232 1.996013 0.000000
0.141665 1.959838 0.000000
0.142987 1.922816 0.000000
0.138366 1.887435 0.000000
0.188996 1.833950 0.000000
0.190093 1.799159 0.000000
0.187617 1.768063 0.000000
0.188016 1.734037 0.000000
0.186819 1.700432 0.000000
0.182973 1.669739 0.000000
0.184680 1.635795 0.000000
0.183799 1.606034 0.000000
0.187411 1.574198 0.000000
0.185458 1.541486 0.000000
0.183549 1.511887 0.000000
0.186766 1.480054 0.000000
0.184792 1.448494 0.000000
0.182110 1.417521 0.000000
0.182669 1.387202 0.000000
0.187523 1.356103 0.000000
0.177808 1.325570 0.000000
0.181673 1.294586 0.000000
0.179510 1.261744 0.000000
0.178292 1.229764 0.000000
0.180467 1.198813 0.000000
0.175512 1.166510 0.000000
0.176417 1.135399 0.000000
0.175530 1.100203 0.000000
0.177505 1.069023 0.000000
0.175303 1.033536 0.000000
0.174570 0.999403 0.000000
0.174911 0.963883 0.000000
0.171573 0.929013 0.000000
0.175715 0.892483 0.000000
0.171565 0.853997 0.000000
0.174499 0.818769 0.000000
0.173131 0.778866 0.000000
0.170356 0.737066 0.000000
0.169337 0.695454 0.000000
0.167487 0.652536 0.000000
0.166151 0.608553 0.000000
0.169432 0.564236 0.000000
0.168712 0.517697 0.000000
0.167733 0.469254 0.000000
0.169207 0.419199 0.000000
0.167914 0.366584 0.000000
0.165257 0.308630 0.000000
0.170475 0.256555 0.000000
0.175801 0.205088 0.000000
0.234888 0.200634 0.000000
0.289455 0.197560 0.000000
0.344453 0.195515 0.000000
0.396744 0.192282 0.000000
0.447456 0.191704 0.000000
0.495185 0.189007 0.000000
0.546191 0.193204 0.000000
0.586375 0.183594 0.000000
0.633395 0.186811 0.000000
0.674201 0.183231 0.000000
0.715740 0.184327 0.000000
0.757884 0.184670 0.000000
0.796022 0.183635 0.000000
0.835605 0.183958 0.000000
0.871698 0.181362 0.000000
0.908765 0.181710 0.000000
0.945014 0.181952 0.000000
0.981952 0.182844 0.000000
1.015478 0.181328 0.000000
1.048333 0.176660 0.000000
1.082489 0.178964 0.000000
1.115686 0.175375 0.000000
1.149533 0.177370 0.000000
1.180986 0.173289 0.000000
1.213706 0.175105 0.000000
1.246469 0.174941 0.000000
1.276978 0.175380 0.000000
1.308881 0.177912 0.000000
1.340835 0.175464 0.000000
1.370983 0.171160 0.000000
1.403520 0.174780 0.000000
1.440589 0.518774 0.000000
1.464298 0.527328 0.000000
1.485846 0.524111 0.000000
1.508977 0.504466 0.000000
1.622729 0.171902 0.000000
1.656723 0.167873 0.000000
1.688222 0.169799 0.000000
1.720582 0.167312 0.000000
1.611088 0.776315 0.000000
1.625860 0.791223 0.000000
1.641071 0.797856 0.000000
1.657427 0.802144 0.000000
1.674295 0.801188 0.000000
1.693740 0.799236 0.000000
1.714561 0.791532 0.000000
1.737400 0.782135 0.000000
1.760935 0.774633 0.000000
1.790596 0.755579 0.000000
2.122810 0.297041 0.000000
2.123622 0.358271 0.000000
2.124183 0.414060 0.000000
2.124916 0.465137 0.000000
2.125079 0.516748 0.000000
2.125518 0.563586 0.000000
2.127144 0.606566 0.000000
2.126512 0.646577 0.000000
2.127741 0.688169 0.000000
2.128467 0.724830 0.000000
2.128318 0.760138 0.000000
2.132147 0.791140 0.000000
2.126542 0.826434 0.000000
2.126014 0.857378 0.000000
2.125850 0.887343 0.000000
2.126611 0.915406 0.000000
2.124563 0.943578 0.000000
2.125650 0.968004 0.000000
2.125571 0.992964 0.000000
2.124952 1.019522 0.000000
2.125600 1.042978 0.000000
2.126731 1.065297 0.000000
2.125527 1.086349 0.000000
2.126613 1.107399 0.000000
2.126315 1.128395 0.000000
2.127572 1.149832 0.000000
2.126189 1.170789 0.000000
2.127733 1.190243 0.000000
2.127470 1.208125 0.000000
2.127395 1.227122 0.000000
2.127083 1.247937 0.000000
2.127307 1.265887 0.000000
2.127887 1.283957 0.000000
2.127692 1.302994 0.000000
2.128083 1.319394 0.000000
2.126822 1.337471 0.000000
2.127417 1.355913 0.000000
2.128084 1.372161 0.000000
2.128711 1.389713 0.000000
2.126429 1.408115 0.000000
2.127385 1.424418 0.000000
2.128707 1.440945 0.000000
2.129094 1.458846 0.000000
2.128360 1.475205 0.000000
2.128131 1.492953 0.000000
