x y z
-4.520795 -6.147044 0.000000
-4.558899 -6.144578 0.000000
-4.593151 -6.135893 0.000000
-4.626689 -6.124165 0.000000
-4.703686 -6.158330 0.000000
-4.852634 -6.267208 0.000000
-4.930032 -6.289723 0.000000
-4.978889 -6.278911 0.000000
-5.631000 -6.301000 0.000000
-5.146033 -5.941378 0.000000
-5.157722 -5.901783 0.000000
-5.055045 -5.679951 0.000000
-5.047224 -5.638246 0.000000
-5.083708 -5.616811 0.000000
-5.270303 -5.562119 0.000000
-5.740713 -5.551424 0.000000
-5.711061 -5.493649 0.000000
-5.373479 -5.382336 0.000000
-4.926481 -5.268364 0.000000
-6.363386 -5.296251 0.000000
-6.295291 -5.227552 0.000000
-6.062265 -5.157606 0.000000
-4.202982 -5.074459 0.000000
-4.213085 -5.063381 0.000000
-4.447392 -4.981115 0.000000
-4.424345 -4.968377 0.000000
-4.405282 -4.954728 0.000000
-4.386880 -4.939417 0.000000
-4.374299 -4.926468 0.000000
-4.365267 -4.911893 0.000000
-4.357574 -4.896327 0.000000
-4.360765 -4.879795 0.000000
-4.385896 -4.852258 0.000000
-5.284274 -4.404885 0.000000
-5.317806 -4.343249 0.000000
-5.278083 -4.313427 0.000000
-5.250837 -4.279111 0.000000
-5.216354 -4.249413 0.000000
-5.183532 -4.220657 0.000000
-5.153855 -4.188972 0.000000
-4.480613 -4.583628 0.000000
-4.461252 -4.569987 0.000000
-4.445579 -4.554258 0.000000
-4.433373 -4.536509 0.000000
-4.007029 -4.849835 0.000000
-4.002809 -4.843265 0.000000
-4.395666 -4.415100 0.000000
-4.389238 -4.387532 0.000000
-4.429734 -4.308746 0.000000
-4.720466 -3.812896 0.000000
-4.689153 -3.788652 0.000000
-4.662411 -3.756883 0.000000
-4.628286 -3.737881 0.000000
-4.599785 -3.705807 0.000000
-4.567744 -3.681248 0.000000
-4.537617 -3.650856 0.000000
-4.506844 -3.622396 0.000000
-4.472546 -3.594686 0.000000
-4.440164 -3.566034 0.000000
-4.278654 -3.823402 0.000000
-4.249119 -3.806908 0.000000
-4.341934 -3.471889 0.000000
-4.305902 -3.447772 0.000000
-4.271857 -3.410907 0.000000
-3.856850 -4.609969 0.000000
-3.844887 -4.606843 0.000000
-3.785503 -4.790207 0.000000
-3.774009 -4.804599 0.000000
-3.764465 -4.814214 0.000000
-3.754889 -4.821806 0.000000
-3.744487 -4.828381 0.000000
-3.737956 -4.834640 0.000000
-3.732821 -4.839804 0.000000
-3.723039 -4.844659 0.000000
-3.716944 -4.849664 0.000000
-3.704001 -4.857967 0.000000
-3.707052 -4.864442 0.000000
-3.693208 -4.873012 0.000000
-3.693789 -4.874186 0.000000
-3.684107 -4.875404 0.000000
-3.682501 -4.877263 0.000000
-3.675167 -4.880196 0.000000
-3.665681 -4.883488 0.000000
-3.660324 -4.885888 0.000000
-3.660886 -4.885974 0.000000
-3.649273 -4.889145 0.000000
-3.647405 -4.885038 0.000000
-3.639590 -4.895963 0.000000
-3.635109 -4.899856 0.000000
-3.634902 -4.899401 0.000000
-3.624144 -4.903248 0.000000
-3.617989 -4.904266 0.000000
-3.621422 -4.921569 0.000000
-3.596351 -4.915315 0.000000
-3.597827 -4.912789 0.000000
-3.589064 -4.917144 0.000000
-3.580852 -4.922197 0.000000
-3.576955 -4.923436 0.000000
-3.575860 -4.923045 0.000000
-3.569009 -4.924953 0.000000
-3.556024 -4.930508 0.000000
-3.553500 -4.926335 0.000000
-3.548828 -4.928844 0.000000
-3.542099 -4.938489 0.000000
-3.535861 -4.939870 0.000000
-3.530577 -4.935660 0.000000
-3.521231 -4.939810 0.000000
-3.512114 -4.939236 0.000000
-3.502073 -4.937553 0.000000
-3.491825 -4.941018 0.000000
-3.485153 -4.940099 0.000000
-2.664434 -4.501776 0.000000
-2.658340 -4.533449 0.000000
-2.638061 -4.556669 0.000000
-2.615327 -4.578017 0.000000
-2.595735 -4.601360 0.000000
-2.570168 -4.625231 0.000000
-2.553869 -4.651637 0.000000
-2.528649 -4.674740 0.000000
-2.506742 -4.701238 0.000000
-2.485176 -4.728492 0.000000
-2.461904 -4.753691 0.000000
-2.433510 -4.780599 0.000000
-2.411372 -4.808488 0.000000
-2.383559 -4.836745 0.000000
-2.358406 -4.864621 0.000000
-2.330835 -4.896572 0.000000
-2.302724 -4.926055 0.000000
-2.273541 -4.958558 0.000000
-2.243364 -4.992247 0.000000
-2.214001 -5.026914 0.000000
-2.176965 -5.062684 0.000000
-2.146042 -5.100233 0.000000
-2.111303 -5.139786 0.000000
-2.319534 -5.174779 0.000000
-2.096451 -5.219114 0.000000
-2.055701 -5.264608 0.000000
-1.934897 -5.318390 0.000000
-1.953800 -5.359541 0.000000
-1.834933 -5.422315 0.000000
-1.775548 -5.481074 0.000000
-1.716835 -5.543705 0.000000
-1.665998 -5.607403 0.000000
-1.592639 -5.679100 0.000000
-1.532957 -5.752520 0.000000
-1.459428 -5.834329 0.000000
-1.380388 -5.921486 0.000000
-1.292339 -6.018736 0.000000
-1.191955 -6.127825 0.000000
-1.068036 -6.252460 0.000000
-0.960086 -6.378387 0.000000
-0.804468 -6.537564 0.000000
-0.644923 -6.707169 0.000000
1.226642 -7.973313 0.000000
1.218159 -8.302156 0.000000
1.052890 -8.366427 0.000000
0.946124 -8.464626 0.000000
0.551123 -9.257895 0.000000
0.354451 -9.266509 0.000000
-1.558455 -8.107866 0.000000
-0.344343 -10.007984 0.000000
-0.829593 -9.539665 0.000000
-3.084708 -6.385875 0.000000
-3.414765 -6.013414 0.000000
-3.445570 -5.995275 0.000000
-3.467975 -5.998267 0.000000
-3.484934 -6.022796 0.000000
-2.449483 -10.452829 0.000000
-3.068102 -8.256539 0.000000
-3.414734 -10.141883 0.000000
-3.610114 -8.485891 0.000000
-3.788204 -10.370732 0.000000
-3.829163 -7.465742 0.000000
-3.822454 -5.933965 0.000000
-4.117874 -6.871273 0.000000
-4.164576 -6.875809 0.000000
-4.100634 -6.442957 0.000000
-5.248683 -8.642266 0.000000
-4.945779 -7.737264 0.000000
-4.394557 -6.278797 0.000000
-4.391777 -6.205993 0.000000
-4.429409 -6.208570 0.000000
-4.446390 -6.178391 0.000000
-4.490997 -6.187474 0.000000
-4.506945 -6.154643 0.000000
