x y z
-3.037271 -3.663266 0.000000
-3.041982 -3.677379 0.000000
-3.045724 -3.685526 0.000000
-3.049496 -3.691019 0.000000
-3.053396 -3.693860 0.000000
-3.057535 -3.695073 0.000000
-3.061381 -3.697352 0.000000
-3.066122 -3.702263 0.000000
-3.068739 -3.708349 0.000000
-3.071412 -3.713514 0.000000
-3.073820 -3.718700 0.000000
-3.076373 -3.722979 0.000000
-3.078747 -3.727292 0.000000
-3.080999 -3.731385 0.000000
-3.083085 -3.735504 0.000000
-3.085422 -3.738458 0.000000
-3.088853 -3.739251 0.000000
-3.107095 -3.728596 0.000000
-3.169510 -3.792015 0.000000
-3.429262 -3.825195 0.000000
-6.980505 -3.787954 0.000000
-6.998043 -3.884018 0.000000
-6.872015 -3.977953 0.000000
-6.800818 -4.067704 0.000000
-6.763543 -4.155817 0.000000
-6.847496 -4.255769 0.000000
-4.586322 -4.117514 0.000000
-4.580890 -4.156387 0.000000
-3.334682 -3.954044 0.000000
-3.331053 -3.961162 0.000000
-3.324440 -3.967130 0.000000
-3.322106 -3.974674 0.000000
-3.321713 -3.991611 0.000000
-3.321156 -3.998624 0.000000
-3.321070 -4.009012 0.000000
-3.322674 -4.014874 0.000000
-3.323555 -4.024715 0.000000
-3.328793 -4.037616 0.000000
-5.562421 -5.469282 0.000000
-7.207992 -6.630621 0.000000
-7.113666 -6.713167 0.000000
-7.045240 -6.812865 0.000000
-7.102340 -7.331655 0.000000
-7.009966 -7.425161 0.000000
-3.640062 -4.472510 0.000000
-3.623297 -4.484579 0.000000
-3.599009 -4.489660 0.000000
-3.574811 -4.495610 0.000000
-3.551243 -4.499625 0.000000
-3.509391 -4.478548 0.000000
-3.523847 -4.528362 0.000000
-3.508780 -4.541006 0.000000
-3.489038 -4.549317 0.000000
-3.476229 -4.565906 0.000000
-3.462104 -4.580991 0.000000
-3.451150 -4.602069 0.000000
-3.445333 -4.630337 0.000000
-3.440365 -4.663912 0.000000
-3.439769 -4.712117 0.000000
-3.440976 -4.766644 0.000000
-4.076278 -6.512684 0.000000
-3.999321 -6.503629 0.000000
-3.934592 -6.522683 0.000000
-3.848478 -6.480986 0.000000
-3.789000 -6.506524 0.000000
-3.838121 -6.938037 0.000000
-3.797243 -7.098610 0.000000
-3.726656 -7.154032 0.000000
-3.706167 -7.470000 0.000000
-3.926377 -9.280533 0.000000
-3.725934 -8.824238 0.000000
-3.196669 -7.891571 0.000000
-3.100703 -7.928256 0.000000
-3.001203 -7.572365 0.000000
-2.910178 -7.607659 0.000000
-2.822582 -7.584142 0.000000
-2.731383 -7.591823 0.000000
-2.550486 -7.585678 0.000000
-2.395458 -8.006206 0.000000
-2.409152 -7.336039 0.000000
-2.468052 -6.585792 0.000000
-2.484484 -5.963126 0.000000
-2.478552 -5.786135 0.000000
-2.478462 -5.615456 0.000000
-2.479697 -5.466716 0.000000
-2.435199 -5.472942 0.000000
-2.422984 -5.387445 0.000000
-2.421444 -5.284351 0.000000
-2.422009 -5.189218 0.000000
-2.421302 -5.108436 0.000000
-2.423006 -5.032352 0.000000
-2.423401 -4.963418 0.000000
-2.423642 -4.902077 0.000000
-2.425853 -4.841321 0.000000
-2.426985 -4.788174 0.000000
-2.425572 -4.739081 0.000000
-2.428195 -4.692252 0.000000
-2.429641 -4.648761 0.000000
-2.429327 -4.609438 0.000000
-2.428743 -4.571654 0.000000
-2.429007 -4.538087 0.000000
-2.431036 -4.503712 0.000000
-2.430051 -4.472605 0.000000
-2.431880 -4.442833 0.000000
-2.430688 -4.416069 0.000000
-2.432189 -4.386657 0.000000
-2.432902 -4.360106 0.000000
-2.434825 -4.334254 0.000000
-2.435144 -4.312956 0.000000
-2.433267 -4.288346 0.000000
-2.433457 -4.268855 0.000000
-2.433810 -4.247562 0.000000
-2.432416 -4.227346 0.000000
-2.433585 -4.206644 0.000000
-2.432245 -4.187727 0.000000
-2.432066 -4.168462 0.000000
-2.431900 -4.152256 0.000000
-2.432437 -4.133149 0.000000
-2.432525 -4.116976 0.000000
-2.433654 -4.099775 0.000000
-2.432151 -4.082991 0.000000
-2.433360 -4.065897 0.000000
-2.432387 -4.051406 0.000000
-2.433746 -4.032927 0.000000
-2.432927 -4.020164 0.000000
-2.432719 -4.004460 0.000000
-2.432303 -3.988294 0.000000
-2.432712 -3.972966 0.000000
-2.433390 -3.958577 0.000000
-2.432948 -3.944630 0.000000
-2.433379 -3.928694 0.000000
-2.433164 -3.915192 0.000000
-2.433426 -3.900242 0.000000
-2.433379 -3.887457 0.000000
-2.433581 -3.871455 0.000000
-2.433915 -3.858054 0.000000
-2.432849 -3.843468 0.000000
-2.434087 -3.829763 0.000000
-2.433457 -3.815258 0.000000
-2.432153 -3.800909 0.000000
-2.433179 -3.784929 0.000000
-2.433037 -3.772507 0.000000
-2.434001 -3.755521 0.000000
-2.431895 -3.743155 0.000000
-2.432358 -3.728469 0.000000
-2.432544 -3.713222 0.000000
-2.431975 -3.698273 0.000000
-2.431661 -3.681931 0.000000
-2.432434 -3.665144 0.000000
-2.430787 -3.651067 0.000000
-2.432625 -3.633587 0.000000
-2.432011 -3.617271 0.000000
-2.430862 -3.601143 0.000000
-2.430915 -3.583220 0.000000
-2.430414 -3.565607 0.000000
-2.430196 -3.547697 0.000000
-2.430711 -3.529737 0.000000
-2.428452 -3.510313 0.000000
-2.430122 -3.489998 0.000000
-2.429974 -3.472336 0.000000
-2.429504 -3.449109 0.000000
-2.429367 -3.427501 0.000000
-2.428757 -3.405530 0.000000
-2.429702 -3.382648 0.000000
-2.429214 -3.360194 0.000000
-2.429411 -3.333382 0.000000
-2.429098 -3.308214 0.000000
-2.428447 -3.279683 0.000000
-2.427811 -3.250748 0.000000
-2.426632 -3.222590 0.000000
-2.426981 -3.189576 0.000000
-2.426650 -3.156206 0.000000
-2.425184 -3.121162 0.000000
-2.425393 -3.084457 0.000000
-2.424343 -3.044662 0.000000
-2.422573 -3.000192 0.000000
-2.422267 -2.954204 0.000000
-2.423284 -2.906883 0.000000
-2.420962 -2.850897 0.000000
-2.419156 -2.790428 0.000000
-2.416928 -2.727507 0.000000
-2.420779 -2.666940 0.000000
-2.419756 -2.591195 0.000000
-2.421052 -2.512721 0.000000
-2.421668 -2.422866 0.000000
-2.421815 -2.325992 0.000000
-2.452244 -2.293385 0.000000
-2.915503 -3.483961 0.000000
-2.929186 -3.487771 0.000000
-2.949460 -3.525598 0.000000
-2.966557 -3.554237 0.000000
-2.978233 -3.576044 0.000000
-2.993300 -3.603938 0.000000
-3.011826 -3.632862 0.000000
-3.012625 -3.641079 0.000000
-3.023188 -3.646962 0.000000
-3.028443 -3.651962 0.000000
-3.030118 -3.656740 0.000000
