x y z
-3.237868 -3.726591 0.000000
-3.266117 -3.737386 0.000000
-3.903254 -3.643869 0.000000
-3.909508 -3.663066 0.000000
-3.398861 -3.765931 0.000000
-3.900335 -3.704928 0.000000
-3.894310 -3.726688 0.000000
-3.894715 -3.766046 0.000000
-3.896323 -3.785233 0.000000
-3.878713 -3.805031 0.000000
-3.858452 -3.822169 0.000000
-3.865375 -3.842492 0.000000
-3.877411 -3.861752 0.000000
-7.281350 -4.465974 0.000000
-3.309774 -3.906301 0.000000
-3.305250 -3.906861 0.000000
-3.303353 -3.911926 0.000000
-3.298924 -3.920516 0.000000
-3.303591 -3.922464 0.000000
-3.297874 -3.939463 0.000000
-3.300694 -3.942405 0.000000
-3.302221 -3.948850 0.000000
-3.303519 -3.957957 0.000000
-3.300436 -3.965876 0.000000
-3.565618 -4.321866 0.000000
-3.538917 -4.320376 0.000000
-3.522835 -4.325029 0.000000
-3.509609 -4.336845 0.000000
-3.496834 -4.346833 0.000000
-3.484399 -4.357341 0.000000
-3.478632 -4.375864 0.000000
-3.468999 -4.391133 0.000000
-3.459298 -4.411554 0.000000
-3.450928 -4.430367 0.000000
-3.445576 -4.455935 0.000000
-3.467393 -4.530639 0.000000
-3.451883 -4.547053 0.000000
-3.424005 -4.534454 0.000000
-3.422868 -4.577040 0.000000
-3.410037 -4.600219 0.000000
-3.401835 -4.635296 0.000000
-4.125343 -7.069382 0.000000
-3.994603 -6.921759 0.000000
-3.893648 -6.845986 0.000000
-3.851061 -6.994094 0.000000
-3.792215 -7.092510 0.000000
-3.712782 -7.108509 0.000000
-4.004877 -9.284128 0.000000
-3.876502 -9.330586 0.000000
-3.699301 -8.987894 0.000000
-3.375983 -8.025546 0.000000
-3.302309 -8.602858 0.000000
-3.206418 -9.259145 0.000000
-3.070214 -7.570942 0.000000
-2.980083 -7.512972 0.000000
-2.888929 -7.564590 0.000000
-2.798619 -7.556286 0.000000
-2.707970 -7.541739 0.000000
-2.615662 -7.567570 0.000000
-2.528496 -7.525870 0.000000
-2.479606 -7.261172 0.000000
-2.484692 -6.790839 0.000000
-2.484817 -6.442978 0.000000
-2.537072 -5.951116 0.000000
-2.487501 -5.927532 0.000000
-2.486863 -5.745776 0.000000
-2.484696 -5.585474 0.000000
-2.482236 -5.455953 0.000000
-2.444000 -5.435690 0.000000
-2.422944 -5.373784 0.000000
-2.421184 -5.274674 0.000000
-2.421821 -5.180766 0.000000
-2.422453 -5.096076 0.000000
-2.420256 -5.021251 0.000000
-2.420420 -4.954117 0.000000
-2.417955 -4.892613 0.000000
-2.416950 -4.833655 0.000000
-2.418433 -4.778362 0.000000
-2.417778 -4.728310 0.000000
-2.418616 -4.680618 0.000000
-2.418198 -4.635179 0.000000
-2.417671 -4.595825 0.000000
-2.417461 -4.556583 0.000000
-2.417621 -4.519496 0.000000
-2.417392 -4.483242 0.000000
-2.418037 -4.448709 0.000000
-2.417898 -4.419008 0.000000
-2.418139 -4.388585 0.000000
-2.419368 -4.356135 0.000000
-2.419998 -4.329865 0.000000
-2.421766 -4.302258 0.000000
-2.422727 -4.276062 0.000000
-2.419579 -4.251808 0.000000
-2.420377 -4.229319 0.000000
-2.420219 -4.206863 0.000000
-2.419460 -4.183948 0.000000
-2.418207 -4.162668 0.000000
-2.417285 -4.143130 0.000000
-2.417706 -4.121990 0.000000
-2.417201 -4.100707 0.000000
-2.416464 -4.082612 0.000000
-2.415291 -4.063740 0.000000
-2.415461 -4.043631 0.000000
-2.415120 -4.025123 0.000000
-2.416170 -4.007878 0.000000
-2.416175 -3.988461 0.000000
-2.415257 -3.973319 0.000000
-2.416804 -3.955373 0.000000
-2.415370 -3.937033 0.000000
-2.414261 -3.920476 0.000000
-2.415316 -3.903842 0.000000
-2.413697 -3.888712 0.000000
-2.414071 -3.870575 0.000000
-2.414213 -3.855550 0.000000
-2.411814 -3.838936 0.000000
-2.412840 -3.822469 0.000000
-2.411244 -3.805046 0.000000
-2.413592 -3.789778 0.000000
-2.412054 -3.773786 0.000000
-2.411638 -3.757942 0.000000
-2.409849 -3.741942 0.000000
-2.411892 -3.723945 0.000000
-2.411568 -3.708650 0.000000
-2.411339 -3.691581 0.000000
-2.411229 -3.676289 0.000000
-2.410907 -3.659882 0.000000
-2.408176 -3.642202 0.000000
-2.410400 -3.623851 0.000000
-2.408368 -3.606786 0.000000
-2.408869 -3.590364 0.000000
-2.408637 -3.573306 0.000000
-2.407353 -3.553544 0.000000
-2.407745 -3.536317 0.000000
-2.407163 -3.517131 0.000000
-2.406567 -3.498411 0.000000
-2.407728 -3.479194 0.000000
-2.405335 -3.458552 0.000000
-2.406081 -3.438708 0.000000
-2.403913 -3.417775 0.000000
-2.404194 -3.398373 0.000000
-2.403564 -3.375393 0.000000
-2.403027 -3.351744 0.000000
-2.402202 -3.328474 0.000000
-2.403572 -3.304583 0.000000
-2.400731 -3.278790 0.000000
-2.399896 -3.253551 0.000000
-2.397926 -3.226430 0.000000
-2.396807 -3.196307 0.000000
-2.397340 -3.166648 0.000000
-2.395135 -3.135569 0.000000
-2.396752 -3.103077 0.000000
-2.392707 -3.068183 0.000000
-2.392494 -3.032758 0.000000
-2.394179 -2.996739 0.000000
-2.392769 -2.955933 0.000000
-2.390254 -2.913229 0.000000
-2.388122 -2.866834 0.000000
-2.386748 -2.817856 0.000000
-2.383526 -2.766362 0.000000
-2.887178 -3.452794 0.000000
-2.920124 -3.487846 0.000000
-2.952393 -3.520087 0.000000
-2.966639 -3.532125 0.000000
-2.979326 -3.544256 0.000000
-3.008396 -3.572562 0.000000
-3.011438 -3.580768 0.000000
-3.023600 -3.583886 0.000000
-3.029631 -3.586052 0.000000
-3.035102 -3.586946 0.000000
-3.041480 -3.592118 0.000000
-3.051317 -3.616869 0.000000
-3.058289 -3.623225 0.000000
-3.062870 -3.626573 0.000000
-3.066861 -3.626064 0.000000
-3.070885 -3.626403 0.000000
-3.075177 -3.630579 0.000000
-3.079288 -3.636613 0.000000
-3.083135 -3.642249 0.000000
-3.086668 -3.647476 0.000000
-3.092450 -3.650880 0.000000
-3.093244 -3.653173 0.000000
-3.096388 -3.655384 0.000000
-3.099480 -3.657168 0.000000
