x y z
-3.206963 -3.567116 0.000000
-3.219481 -3.560579 0.000000
-3.216584 -3.615270 0.000000
-3.247364 -3.584658 0.000000
-3.257913 -3.583745 0.000000
-3.269356 -3.580983 0.000000
-3.287342 -3.572376 0.000000
-3.302944 -3.561570 0.000000
-3.314137 -3.563317 0.000000
-3.327522 -3.561403 0.000000
-3.336500 -3.570787 0.000000
-3.346219 -3.580411 0.000000
-3.354973 -3.588045 0.000000
-3.343984 -3.626728 0.000000
-3.354493 -3.633585 0.000000
-3.364858 -3.638874 0.000000
-3.376053 -3.639740 0.000000
-3.388004 -3.640505 0.000000
-3.408059 -3.633680 0.000000
-3.416477 -3.643642 0.000000
-3.234276 -3.869953 0.000000
-3.227945 -3.904400 0.000000
-3.231220 -3.907154 0.000000
-3.234658 -3.909884 0.000000
-3.237154 -3.913180 0.000000
-3.239741 -3.914747 0.000000
-3.244572 -3.916922 0.000000
-3.812725 -3.743804 0.000000
-3.813563 -3.763551 0.000000
-3.812139 -3.782619 0.000000
-3.817409 -3.801248 0.000000
-3.823317 -3.818250 0.000000
-3.806089 -3.877166 0.000000
-3.787347 -3.898272 0.000000
-3.777338 -3.951775 0.000000
-3.754249 -3.985707 0.000000
-3.759843 -4.001363 0.000000
-3.760034 -4.018229 0.000000
-6.766293 -4.354773 0.000000
-6.770185 -4.443555 0.000000
-7.176429 -4.591491 0.000000
-7.253478 -4.706303 0.000000
-3.336184 -4.084827 0.000000
-3.315423 -4.107997 0.000000
-3.306252 -4.113883 0.000000
-3.302501 -4.123642 0.000000
-3.299589 -4.128940 0.000000
-3.300780 -4.135458 0.000000
-3.301144 -4.144357 0.000000
-3.299485 -4.153568 0.000000
-3.299521 -4.161392 0.000000
-3.301722 -4.170688 0.000000
-3.300489 -4.175329 0.000000
-3.306642 -4.186231 0.000000
-3.313322 -4.199079 0.000000
-3.645163 -4.516704 0.000000
-3.651762 -4.547814 0.000000
-3.705093 -4.627781 0.000000
-3.652282 -4.602863 0.000000
-3.615390 -4.595482 0.000000
-3.575498 -4.579989 0.000000
-3.543775 -4.567824 0.000000
-3.515566 -4.561898 0.000000
-3.488236 -4.556874 0.000000
-3.467176 -4.553289 0.000000
-3.449757 -4.556757 0.000000
-3.435817 -4.564943 0.000000
-3.423602 -4.577165 0.000000
-3.413865 -4.594397 0.000000
-3.446262 -4.766158 0.000000
-3.432019 -4.784381 0.000000
-3.419565 -4.806484 0.000000
-3.411377 -4.840388 0.000000
-3.937521 -6.631427 0.000000
-4.052056 -7.238960 0.000000
-3.924354 -7.078275 0.000000
-3.859751 -7.143760 0.000000
-3.818492 -7.309424 0.000000
-3.773620 -7.493937 0.000000
-3.715587 -7.655578 0.000000
-3.903350 -9.483764 0.000000
-3.740123 -9.261024 0.000000
-3.605227 -9.205143 0.000000
-3.204968 -8.510242 0.000000
-3.100725 -9.174740 0.000000
-3.000014 -7.750221 0.000000
-2.910219 -7.720758 0.000000
-2.819583 -7.734119 0.000000
-2.727105 -7.756711 0.000000
-2.543200 -7.755202 0.000000
-2.474631 -7.602682 0.000000
-2.409768 -7.486933 0.000000
-2.456744 -6.852529 0.000000
-2.552937 -6.143790 0.000000
-2.466908 -6.055287 0.000000
-2.463749 -5.892552 0.000000
-2.463901 -5.746453 0.000000
-2.455649 -5.638335 0.000000
-2.443133 -5.550933 0.000000
-2.407070 -5.533823 0.000000
-2.408446 -5.435474 0.000000
-2.407563 -5.348533 0.000000
-2.408233 -5.266905 0.000000
-2.407766 -5.196135 0.000000
-2.409987 -5.125341 0.000000
-2.406837 -5.068129 0.000000
-2.409192 -5.009345 0.000000
-2.408980 -4.954528 0.000000
-2.408939 -4.907503 0.000000
-2.410670 -4.860663 0.000000
-2.410472 -4.818141 0.000000
-2.410826 -4.776169 0.000000
-2.410708 -4.739568 0.000000
-2.411466 -4.701227 0.000000
-2.411469 -4.668604 0.000000
-2.412131 -4.634767 0.000000
-2.411664 -4.603222 0.000000
-2.412539 -4.573835 0.000000
-2.415681 -4.543219 0.000000
-2.414989 -4.515739 0.000000
-2.415319 -4.489948 0.000000
-2.417554 -4.462937 0.000000
-2.416906 -4.441482 0.000000
-2.416036 -4.417954 0.000000
-2.416140 -4.395532 0.000000
-2.415519 -4.373915 0.000000
-2.415882 -4.350462 0.000000
-2.415134 -4.330276 0.000000
-2.415306 -4.310999 0.000000
-2.413601 -4.290774 0.000000
-2.414864 -4.271209 0.000000
-2.414356 -4.254224 0.000000
-2.414965 -4.234831 0.000000
-2.415049 -4.215573 0.000000
-2.415576 -4.197902 0.000000
-2.415112 -4.180775 0.000000
-2.415069 -4.161600 0.000000
-2.415397 -4.144129 0.000000
-2.415866 -4.129115 0.000000
-2.415365 -4.112525 0.000000
-2.415502 -4.094080 0.000000
-2.414846 -4.077551 0.000000
-2.414380 -4.061439 0.000000
-2.415404 -4.046746 0.000000
-2.414578 -4.028741 0.000000
-2.413543 -4.013501 0.000000
-2.413854 -3.998045 0.000000
-2.415066 -3.980604 0.000000
-2.414105 -3.965672 0.000000
-2.413950 -3.947580 0.000000
-2.415396 -3.930867 0.000000
-2.414506 -3.916091 0.000000
-2.412916 -3.899596 0.000000
-2.414904 -3.883706 0.000000
-2.412681 -3.865248 0.000000
-2.414342 -3.849858 0.000000
-2.414418 -3.831864 0.000000
-2.412547 -3.815095 0.000000
-2.412967 -3.797108 0.000000
-2.413153 -3.779612 0.000000
-2.412955 -3.762133 0.000000
-2.413346 -3.744162 0.000000
-2.413907 -3.726168 0.000000
-2.411577 -3.706396 0.000000
-2.411746 -3.688143 0.000000
-2.411227 -3.667585 0.000000
-2.411313 -3.648454 0.000000
-2.410889 -3.627398 0.000000
-2.412064 -3.606441 0.000000
-2.409458 -3.583902 0.000000
-2.401072 -3.555840 0.000000
