x y z
2.126095 1.833923 0.000000
2.125519 1.858355 0.000000
2.126485 1.881560 0.000000
2.126947 1.904367 0.000000
2.125831 1.928648 0.000000
2.124864 1.952871 0.000000
2.126055 1.976216 0.000000
2.126191 2.001496 0.000000
2.126190 2.026813 0.000000
2.124390 2.049157 0.000000
2.125299 2.075199 0.000000
2.126321 2.102070 0.000000
2.128136 2.128646 0.000000
2.126673 2.154429 0.000000
2.129165 2.182181 0.000000
2.133595 2.210351 0.000000
2.136961 2.241077 0.000000
2.137456 2.270532 0.000000
2.137339 2.301817 0.000000
2.139303 2.333192 0.000000
2.140143 2.367044 0.000000
2.139354 2.399827 0.000000
2.139304 2.433442 0.000000
2.142157 2.470025 0.000000
2.143357 2.508870 0.000000
2.145395 2.548305 0.000000
2.147042 2.590944 0.000000
2.147666 2.633206 0.000000
2.150770 2.678331 0.000000
2.152700 2.727151 0.000000
2.155022 2.776229 0.000000
2.150889 2.827750 0.000000
2.150276 2.878947 0.000000
2.111658 2.891084 0.000000
2.088402 2.920772 0.000000
2.065613 2.950542 0.000000
2.040236 2.978907 0.000000
2.019102 3.010863 0.000000
1.989911 3.037429 0.000000
1.966171 3.068338 0.000000
1.938243 3.096583 0.000000
1.913295 3.128125 0.000000
1.887978 3.163612 0.000000
1.859560 3.194814 0.000000
1.832686 3.230572 0.000000
1.806138 3.272460 0.000000
1.775834 3.304551 0.000000
1.745877 3.340543 0.000000
1.713500 3.378923 0.000000
1.679591 3.413519 0.000000
1.641347 3.436297 0.000000
1.595012 3.433703 0.000000
1.553646 3.437831 0.000000
1.508017 3.430551 0.000000
1.465284 3.433580 0.000000
1.421910 3.437377 0.000000
1.380138 3.433593 0.000000
1.338308 3.435330 0.000000
1.294104 3.426146 0.000000
1.253771 3.433710 0.000000
1.211649 3.427057 0.000000
1.170039 3.437356 0.000000
1.128419 3.434871 0.000000
1.085794 3.441054 0.000000
1.044606 3.436774 0.000000
1.003235 3.438244 0.000000
0.960715 3.439058 0.000000
0.917824 3.437236 0.000000
0.875019 3.440965 0.000000
0.831366 3.437093 0.000000
0.787909 3.441146 0.000000
0.741747 3.439823 0.000000
0.697772 3.439252 0.000000
0.654016 3.437680 0.000000
0.605643 3.441636 0.000000
0.558526 3.440881 0.000000
0.510030 3.442707 0.000000
0.463958 3.434051 0.000000
0.426721 3.406467 0.000000
0.403620 3.347230 0.000000
0.357457 3.341140 0.000000
0.304615 3.345278 0.000000
0.254912 3.341319 0.000000
0.206145 3.331939 0.000000
0.205370 3.248012 0.000000
0.203053 3.171570 0.000000
0.201294 3.099634 0.000000
0.201196 3.031002 0.000000
0.201895 2.968394 0.000000
0.202804 2.905992 0.000000
0.204511 2.846942 0.000000
0.201672 2.797035 0.000000
0.201644 2.744027 0.000000
0.202707 2.694716 0.000000
0.200900 2.648341 0.000000
0.200002 2.606969 0.000000
0.200105 2.562798 0.000000
0.201282 2.522226 0.000000
0.201631 2.482150 0.000000
0.198890 2.444477 0.000000
0.201430 2.406902 0.000000
0.200737 2.372639 0.000000
0.200547 2.337259 0.000000
0.200573 2.304226 0.000000
0.200368 2.271864 0.000000
0.201137 2.241535 0.000000
0.204961 2.207279 0.000000
0.202859 2.178775 0.000000
0.202091 2.151806 0.000000
0.154740 2.082108 0.000000
0.154545 2.054266 0.000000
0.157286 2.025135 0.000000
0.154688 1.998646 0.000000
0.153939 1.970466 0.000000
0.153851 1.943308 0.000000
0.153185 1.916182 0.000000
0.155706 1.890854 0.000000
0.155178 1.864385 0.000000
0.202017 1.832191 0.000000
0.204482 1.807501 0.000000
0.202564 1.783378 0.000000
0.205231 1.756745 0.000000
0.201013 1.733875 0.000000
0.201213 1.707995 0.000000
0.202813 1.682436 0.000000
0.200372 1.658652 0.000000
0.198455 1.633045 0.000000
0.200783 1.608653 0.000000
0.200545 1.582066 0.000000
0.197501 1.556360 0.000000
0.196282 1.529805 0.000000
0.195077 1.503760 0.000000
0.196224 1.477107 0.000000
0.196322 1.450112 0.000000
0.196510 1.424864 0.000000
0.194612 1.394470 0.000000
0.195121 1.367485 0.000000
0.191845 1.337480 0.000000
0.195170 1.308981 0.000000
0.193619 1.278349 0.000000
0.189880 1.246844 0.000000
0.191268 1.216079 0.000000
0.191958 1.182344 0.000000
0.188881 1.147607 0.000000
0.187680 1.114430 0.000000
0.188592 1.079222 0.000000
0.185733 1.039781 0.000000
0.184801 1.002357 0.000000
0.184356 0.962585 0.000000
0.186369 0.921398 0.000000
0.185860 0.878282 0.000000
0.183646 0.833734 0.000000
0.185661 0.789057 0.000000
0.183474 0.737004 0.000000
0.187679 0.690066 0.000000
0.185807 0.635950 0.000000
0.182841 0.576249 0.000000
0.184295 0.516952 0.000000
0.183641 0.453509 0.000000
0.181376 0.383038 0.000000
0.182923 0.312257 0.000000
0.181525 0.232917 0.000000
0.214353 0.198784 0.000000
0.265262 0.194791 0.000000
0.319799 0.197533 0.000000
0.367958 0.188309 0.000000
0.418433 0.191880 0.000000
0.465471 0.189977 0.000000
0.511089 0.188246 0.000000
0.557157 0.186119 0.000000
0.604024 0.187017 0.000000
0.647813 0.185949 0.000000
0.691593 0.187030 0.000000
0.733697 0.186557 0.000000
0.776428 0.182034 0.000000
0.816243 0.180122 0.000000
0.859160 0.185923 0.000000
0.900581 0.183133 0.000000
0.940809 0.185411 0.000000
0.981807 0.183768 0.000000
1.021795 0.186565 0.000000
1.060062 0.183724 0.000000
1.099175 0.181011 0.000000
1.138939 0.183750 0.000000
1.178014 0.182995 0.000000
1.217519 0.183214 0.000000
1.256178 0.183394 0.000000
1.295744 0.183827 0.000000
1.334637 0.183189 0.000000
1.375950 0.178239 0.000000
1.414473 0.177986 0.000000
1.455704 0.176309 0.000000
1.495401 0.177926 0.000000
1.535668 0.182436 0.000000
1.577985 0.173565 0.000000
1.619164 0.175967 0.000000
1.662643 0.173570 0.000000
1.704954 0.174233 0.000000
1.749252 0.172397 0.000000
1.791492 0.178347 0.000000
1.682116 0.574986 0.000000
1.801835 0.372350 0.000000
1.799828 0.470161 0.000000
1.796853 0.556142 0.000000
1.624835 1.018224 0.000000
1.628595 1.054464 0.000000
1.636098 1.080134 0.000000
1.653319 1.091560 0.000000
1.678611 1.089120 0.000000
2.140825 0.601745 0.000000
1.969186 0.867267 0.000000
1.930030 0.958570 0.000000
1.925534 1.004076 0.000000
1.930275 1.039033 0.000000
1.950227 1.054054 0.000000
1.997475 1.044599 0.000000
2.139963 0.953120 0.000000
2.142084 0.993970 0.000000
2.141127 1.031471 0.000000
2.141219 1.070346 0.000000
2.139948 1.105659 0.000000
2.140254 1.142377 0.000000
2.139711 1.175526 0.000000
2.138975 1.207758 0.000000
2.140124 1.239664 0.000000
2.140479 1.269505 0.000000
2.139067 1.300102 0.000000
2.139336 1.329425 0.000000
2.138739 1.357847 0.000000
2.139842 1.385559 0.000000
2.139162 1.412552 0.000000
2.137664 1.439871 0.000000
2.137541 1.465382 0.000000
2.136930 1.492296 0.000000
2.135697 1.516491 0.000000
2.136033 1.541048 0.000000
2.134714 1.566743 0.000000
2.135606 1.591445 0.000000
2.134498 1.615489 0.000000
2.134016 1.639217 0.000000
2.134624 1.662147 0.000000
2.136226 1.685687 0.000000
2.135015 1.709874 0.000000
2.136181 1.733876 0.000000
2.135731 1.756883 0.000000
2.138501 1.778407 0.000000
2.128370 1.803053 0.000000
2.125747 1.825504 0.000000
