x y z
-1.583943 -1.092989 0.000000
-1.607952 -1.094004 0.000000
-1.629139 -1.092539 0.000000
-1.652891 -1.093351 0.000000
-1.675558 -1.090958 0.000000
-1.698163 -1.091005 0.000000
-1.719028 -1.089949 0.000000
-1.743002 -1.089399 0.000000
-1.765068 -1.091267 0.000000
-1.785883 -1.090409 0.000000
-1.809214 -1.090127 0.000000
-1.829772 -1.088520 0.000000
-1.853600 -1.089047 0.000000
-1.876088 -1.089411 0.000000
-1.896925 -1.090788 0.000000
-1.922007 -1.090593 0.000000
-1.943433 -1.089022 0.000000
-1.967880 -1.088499 0.000000
-1.849600 -0.522167 0.000000
-1.853757 -0.502123 0.000000
-1.859319 -0.500530 0.000000
-1.865174 -0.496540 0.000000
-1.873031 -0.486554 0.000000
-1.878510 -0.484536 0.000000
-1.889987 -0.485797 0.000000
-1.889525 -0.463913 0.000000
-1.897871 -0.467506 0.000000
-1.907078 -0.469299 0.000000
-1.924011 -0.479025 0.000000
-1.938625 -0.490946 0.000000
-1.935693 -0.471714 0.000000
-1.935242 -0.454092 0.000000
-1.918185 -0.410240 0.000000
-1.917033 -0.395113 0.000000
-1.917996 -0.380996 0.000000
-1.911939 -0.371210 0.000000
-1.906532 -0.352862 0.000000
-1.908337 -0.345386 0.000000
-1.905743 -0.338507 0.000000
-1.904982 -0.330123 0.000000
-1.906091 -0.318604 0.000000
-1.904678 -0.311216 0.000000
-1.903211 -0.304118 0.000000
-1.902732 -0.298021 0.000000
-1.895025 -0.287697 0.000000
-1.900150 -0.285398 0.000000
-1.899315 -0.279696 0.000000
-1.898967 -0.274433 0.000000
-1.899093 -0.269652 0.000000
-1.899351 -0.264928 0.000000
-1.894517 -0.256522 0.000000
-1.915772 -0.261938 0.000000
-1.911552 -0.255395 0.000000
-1.910898 -0.250417 0.000000
-1.910360 -0.245536 0.000000
-1.909687 -0.240717 0.000000
-1.909123 -0.236025 0.000000
-1.908678 -0.231446 0.000000
-1.908347 -0.227012 0.000000
-1.885473 -0.217323 0.000000
-1.885290 -0.213564 0.000000
-1.884760 -0.209840 0.000000
-1.884886 -0.206182 0.000000
-1.884422 -0.202496 0.000000
-1.885661 -0.197629 0.000000
-1.883468 -0.195185 0.000000
-1.883441 -0.189293 0.000000
-1.882155 -0.188071 0.000000
-1.882489 -0.184478 0.000000
-1.881987 -0.180928 0.000000
-1.883634 -0.177155 0.000000
-1.882460 -0.173697 0.000000
-1.881692 -0.170170 0.000000
-1.881422 -0.165714 0.000000
-1.881121 -0.162939 0.000000
-1.882523 -0.158891 0.000000
-1.880668 -0.155582 0.000000
-1.880669 -0.151826 0.000000
-1.879845 -0.148235 0.000000
-1.880361 -0.144211 0.000000
-1.882156 -0.139575 0.000000
-1.880788 -0.136026 0.000000
-1.880268 -0.132157 0.000000
-1.879853 -0.128137 0.000000
-1.880019 -0.123810 0.000000
-1.880257 -0.119282 0.000000
-1.879919 -0.114942 0.000000
-1.879906 -0.110360 0.000000
-1.879918 -0.105525 0.000000
-1.879405 -0.100987 0.000000
-1.878935 -0.096243 0.000000
-1.878990 -0.092836 0.000000
-1.878863 -0.087580 0.000000
-1.878198 -0.082617 0.000000
-1.877919 -0.077108 0.000000
-1.877073 -0.071875 0.000000
-1.876456 -0.066313 0.000000
-1.875972 -0.060325 0.000000
-1.875273 -0.054285 0.000000
-1.874398 -0.048237 0.000000
-1.874098 -0.041181 0.000000
-1.872925 -0.034852 0.000000
-1.871319 -0.028648 0.000000
-1.870858 -0.020645 0.000000
-1.869932 -0.012769 0.000000
-1.869691 -0.003396 0.000000
-1.868294 0.004782 0.000000
-1.869292 0.012473 0.000000
-1.871808 0.020639 0.000000
-1.873027 0.029281 0.000000
-1.872011 0.039747 0.000000
-1.849215 0.021146 0.000000
-1.868326 0.091889 0.000000
-1.890511 0.144689 0.000000
-1.887990 0.158891 0.000000
-1.860266 0.122657 0.000000
-1.853337 0.127104 0.000000
-1.819081 0.111346 0.000000
-2.408276 2.092201 0.000000
-2.344739 2.083235 0.000000
-2.610963 3.801669 0.000000
-2.149603 2.000138 0.000000
-2.086521 1.960648 0.000000
-2.026687 1.931127 0.000000
-1.971752 1.918242 0.000000
-1.838015 1.082713 0.000000
-1.816610 1.213171 0.000000
-1.784081 1.292390 0.000000
-1.747187 1.289064 0.000000
-1.710918 1.283333 0.000000
-1.669301 1.492170 0.000000
-1.610289 1.826525 0.000000
-1.529890 2.218083 0.000000
-1.476398 2.161799 0.000000
-1.425188 2.092970 0.000000
-1.386911 1.975270 0.000000
0.733960 4.913519 0.000000
0.710068 4.556571 0.000000
0.663673 4.192820 0.000000
0.650520 3.920400 0.000000
0.622930 3.650047 0.000000
0.667114 2.966195 0.000000
0.527543 2.359281 0.000000
0.515681 2.225088 0.000000
0.500902 2.091546 0.000000
0.486273 1.965538 0.000000
0.465308 1.839280 0.000000
0.461306 1.736818 0.000000
0.456374 1.639157 0.000000
0.457961 1.548879 0.000000
0.438605 1.447208 0.000000
0.418862 1.349046 0.000000
0.413177 1.263986 0.000000
0.407889 1.184815 0.000000
0.391201 1.100632 0.000000
0.391219 1.027809 0.000000
0.393584 0.959843 0.000000
-1.458057 -0.083546 0.000000
-1.475257 -0.098196 0.000000
-1.479035 -0.113779 0.000000
-1.478916 -0.120427 0.000000
-1.483795 -0.130401 0.000000
-1.490510 -0.134553 0.000000
-1.494412 -0.147568 0.000000
-1.492167 -0.156473 0.000000
-1.487902 -0.156261 0.000000
-1.483306 -0.160339 0.000000
-1.476660 -0.168093 0.000000
-1.472086 -0.171613 0.000000
-1.465249 -0.176159 0.000000
-1.459171 -0.182734 0.000000
-1.450527 -0.188078 0.000000
0.497480 -0.471458 0.000000
0.496308 -0.527819 0.000000
0.504868 -0.584356 0.000000
0.502186 -0.642083 0.000000
0.511668 -0.703017 0.000000
0.508739 -0.761331 0.000000
0.506494 -0.818447 0.000000
0.511798 -0.880536 0.000000
0.521731 -0.944011 0.000000
0.527787 -1.008310 0.000000
0.522705 -1.070444 0.000000
0.526104 -1.136344 0.000000
0.278368 -1.096459 0.000000
0.136220 -1.089906 0.000000
0.104493 -1.135421 0.000000
0.018765 -1.147932 0.000000
-0.084759 -1.145569 0.000000
-0.182354 -1.144450 0.000000
-0.269279 -1.142741 0.000000
-0.357935 -1.137016 0.000000
-0.430770 -1.136754 0.000000
-0.499489 -1.135850 0.000000
-0.564963 -1.132381 0.000000
-0.627713 -1.130377 0.000000
-0.683854 -1.128779 0.000000
-0.740156 -1.125636 0.000000
-0.787793 -1.125866 0.000000
-0.835133 -1.127069 0.000000
-0.880767 -1.126117 0.000000
-0.922693 -1.125435 0.000000
-0.968680 -1.120286 0.000000
-1.006036 -1.119662 0.000000
-1.381724 -0.715191 0.000000
-1.388886 -0.731076 0.000000
-1.411923 -0.727275 0.000000
-1.440726 -0.707178 0.000000
-1.451301 -0.718577 0.000000
-1.457879 -0.737914 0.000000
-1.479702 -0.730351 0.000000
-1.482422 -0.758659 0.000000
-1.500928 -0.757465 0.000000
-1.505306 -0.780858 0.000000
-1.520604 -0.787230 0.000000
-1.465280 -1.101994 0.000000
-1.491061 -1.102871 0.000000
-1.515990 -1.100537 0.000000
-1.538412 -1.100622 0.000000
-1.562095 -1.099663 0.000000
