x y z
0.612280 -0.463676 0.000000
0.591930 -0.416175 0.000000
0.600514 -0.407803 0.000000
0.605788 -0.399300 0.000000
0.611834 -0.392860 0.000000
0.620379 -0.387523 0.000000
0.630247 -0.383714 0.000000
0.641770 -0.382596 0.000000
0.656904 -0.379281 0.000000
0.676092 -0.383525 0.000000
1.616772 -0.987927 0.000000
1.732243 -1.018084 0.000000
2.025128 -1.157091 0.000000
2.041499 -1.110666 0.000000
2.602398 -1.229948 0.000000
0.753031 -0.278820 0.000000
0.742880 -0.261632 0.000000
0.737772 -0.246363 0.000000
0.497044 -0.140319 0.000000
0.490929 -0.135061 0.000000
0.483176 -0.129894 0.000000
0.478244 -0.125512 0.000000
0.476422 -0.121725 0.000000
0.473506 -0.117959 0.000000
0.473749 -0.114334 0.000000
0.476391 -0.110968 0.000000
0.731909 -0.100878 0.000000
0.733942 -0.092328 0.000000
0.734445 -0.082122 0.000000
0.745752 -0.072163 0.000000
0.745971 -0.061476 0.000000
0.748047 -0.051616 0.000000
0.750910 -0.041710 0.000000
0.752809 -0.029062 0.000000
0.755222 -0.019302 0.000000
0.758710 -0.007273 0.000000
0.763520 0.003546 0.000000
0.769141 0.017225 0.000000
0.781671 0.032096 0.000000
0.795676 0.048122 0.000000
0.816935 0.066174 0.000000
0.819514 0.080061 0.000000
0.813764 0.092427 0.000000
0.828222 0.111996 0.000000
0.820255 0.123397 0.000000
0.829644 0.142913 0.000000
0.810749 0.146259 0.000000
0.813898 0.164960 0.000000
0.822362 0.184725 0.000000
2.388496 1.230265 0.000000
2.446330 1.340375 0.000000
2.496335 1.453964 0.000000
2.582659 1.603676 0.000000
2.737401 1.911636 0.000000
2.847080 2.109936 0.000000
0.406528 0.001212 0.000000
0.405001 0.001928 0.000000
0.404294 0.005058 0.000000
0.397671 0.009545 0.000000
0.396057 0.010135 0.000000
0.494430 0.353201 0.000000
0.337792 0.068176 0.000000
0.334268 0.070723 0.000000
0.329816 0.075182 0.000000
-0.871761 5.487060 0.000000
-0.993723 5.393820 0.000000
-1.042856 5.023245 0.000000
-1.138999 4.888402 0.000000
-1.280655 4.906719 0.000000
0.267300 0.022125 0.000000
0.266881 0.015393 0.000000
0.265407 0.011121 0.000000
0.263939 0.007045 0.000000
0.261449 0.002496 0.000000
0.168222 -0.072465 0.000000
-0.444475 0.066562 0.000000
-0.436641 0.044203 0.000000
-0.442651 0.025249 0.000000
-0.435507 0.002973 0.000000
-0.451344 -0.011974 0.000000
-0.466686 -0.030658 0.000000
-0.491192 -0.047809 0.000000
-0.504181 -0.068663 0.000000
-0.528067 -0.086871 0.000000
-0.543795 -0.108527 0.000000
-0.577277 -0.128970 0.000000
-1.093833 -0.231794 0.000000
-1.033439 -0.262662 0.000000
-0.977696 -0.289009 0.000000
-0.924003 -0.314536 0.000000
-0.879652 -0.339648 0.000000
-0.828696 -0.361587 0.000000
-0.791255 -0.382480 0.000000
-0.749648 -0.401597 0.000000
-0.709492 -0.419290 0.000000
-0.673851 -0.436070 0.000000
-0.639875 -0.452828 0.000000
-0.607180 -0.467746 0.000000
-0.574155 -0.481755 0.000000
-0.543342 -0.495920 0.000000
-0.515122 -0.509464 0.000000
-0.486779 -0.523513 0.000000
-0.460798 -0.534883 0.000000
-0.434473 -0.546747 0.000000
-0.410614 -0.557694 0.000000
0.050133 -0.308499 0.000000
-0.310724 -0.644025 0.000000
-0.292870 -0.656059 0.000000
-0.274295 -0.665527 0.000000
-0.247862 -0.668790 0.000000
-0.230987 -0.681194 0.000000
-0.203907 -0.681190 0.000000
-0.178857 -0.682730 0.000000
-0.119413 -0.699399 0.000000
-0.100597 -0.708089 0.000000
-0.086549 -0.715865 0.000000
-0.068862 -0.725311 0.000000
-0.052893 -0.732773 0.000000
-0.036923 -0.740042 0.000000
-0.019978 -0.749089 0.000000
-0.002991 -0.757591 0.000000
0.011576 -0.764644 0.000000
0.028181 -0.772518 0.000000
0.046178 -0.780215 0.000000
0.062422 -0.787997 0.000000
0.076035 -0.800734 0.000000
0.238830 -0.424932 0.000000
0.254212 -0.413906 0.000000
0.288008 -0.386063 0.000000
0.320258 -0.540318 0.000000
0.330220 -0.552013 0.000000
0.362820 -0.816679 0.000000
0.428963 -0.971545 0.000000
0.451653 -0.983629 0.000000
0.474859 -0.994372 0.000000
0.498452 -1.007585 0.000000
0.523230 -1.020068 0.000000
0.473790 -0.660068 0.000000
0.484179 -0.647478 0.000000
0.495144 -0.636732 0.000000
0.505928 -0.624639 0.000000
0.515463 -0.602239 0.000000
0.514815 -0.563153 0.000000
0.522470 -0.545380 0.000000
0.530289 -0.533413 0.000000
0.537041 -0.523014 0.000000
0.545787 -0.513559 0.000000
0.553384 -0.506086 0.000000
0.565682 -0.500521 0.000000
0.575375 -0.497001 0.000000
0.587079 -0.493397 0.000000
0.598718 -0.489169 0.000000
0.607329 -0.486143 0.000000
0.621931 -0.482760 0.000000
