x y z
-3.047731 -3.708730 0.000000
-3.051090 -3.718342 0.000000
-3.055559 -3.727462 0.000000
-3.068416 -3.717014 0.000000
-3.072719 -3.717447 0.000000
-3.076335 -3.720650 0.000000
-3.080986 -3.725303 0.000000
-3.084318 -3.728416 0.000000
-3.128503 -3.756743 0.000000
-3.179563 -3.736250 0.000000
-3.216923 -3.727920 0.000000
-3.220614 -3.722660 0.000000
-3.228903 -3.726927 0.000000
-3.233360 -3.735702 0.000000
-3.231866 -3.739515 0.000000
-3.242235 -3.743139 0.000000
-3.248951 -3.744081 0.000000
-3.252025 -3.748280 0.000000
-3.259580 -3.751853 0.000000
-3.266836 -3.754774 0.000000
-3.275292 -3.752436 0.000000
-3.425331 -3.685095 0.000000
-3.820406 -3.500749 0.000000
-3.783351 -3.543211 0.000000
-3.771534 -3.570676 0.000000
-3.774664 -3.590481 0.000000
-3.671409 -3.654793 0.000000
-3.669595 -3.674417 0.000000
-6.986597 -3.903881 0.000000
-7.103333 -4.002006 0.000000
-6.829423 -4.088854 0.000000
-6.798134 -4.177961 0.000000
-6.788899 -4.268110 0.000000
-6.895705 -4.373819 0.000000
-7.219828 -4.514458 0.000000
-7.290676 -4.632268 0.000000
-3.754514 -4.055060 0.000000
-3.336101 -3.983408 0.000000
-3.330482 -3.989474 0.000000
-3.327425 -3.996745 0.000000
-3.320745 -4.009150 0.000000
-3.327162 -4.020834 0.000000
-3.326577 -4.028719 0.000000
-3.327475 -4.038295 0.000000
-3.325445 -4.044958 0.000000
-3.332632 -4.058415 0.000000
-3.338529 -4.070720 0.000000
-5.539138 -5.549895 0.000000
-7.156924 -6.745868 0.000000
-7.070640 -6.831941 0.000000
-7.003414 -6.933178 0.000000
-3.694975 -4.476676 0.000000
-3.665139 -4.480508 0.000000
-3.643761 -4.487328 0.000000
-3.607926 -4.483504 0.000000
-3.590259 -4.491301 0.000000
-3.571856 -4.502208 0.000000
-3.558738 -4.518418 0.000000
-3.540063 -4.526895 0.000000
-3.520201 -4.531584 0.000000
-3.506521 -4.547928 0.000000
-3.493381 -4.563568 0.000000
-3.484056 -4.583915 0.000000
-3.470559 -4.599867 0.000000
-3.462884 -4.625478 0.000000
-3.457676 -4.654352 0.000000
-3.454181 -4.691769 0.000000
-3.451618 -4.733229 0.000000
-3.456846 -4.794555 0.000000
-4.163344 -6.701486 0.000000
-4.036128 -6.573607 0.000000
-3.931088 -6.482841 0.000000
-3.866710 -6.497701 0.000000
-3.789179 -6.469436 0.000000
-3.745393 -6.558288 0.000000
-3.806796 -7.075628 0.000000
-3.752155 -7.194418 0.000000
-3.708768 -7.392941 0.000000
-3.968726 -9.371747 0.000000
-3.837512 -9.407198 0.000000
-3.667201 -9.126541 0.000000
-3.124166 -7.923063 0.000000
-3.027359 -7.928599 0.000000
-2.936353 -7.613858 0.000000
-2.844127 -7.627602 0.000000
-2.756336 -7.597321 0.000000
-2.668254 -7.602263 0.000000
-2.401651 -7.557469 0.000000
-2.556460 -5.984404 0.000000
-2.470035 -5.904258 0.000000
-2.464953 -5.745452 0.000000
-2.464803 -5.590554 0.000000
-2.451090 -5.496321 0.000000
-2.408904 -5.491688 0.000000
-2.411341 -5.376484 0.000000
-2.413654 -5.273438 0.000000
-2.415173 -5.179376 0.000000
-2.415484 -5.102299 0.000000
-2.417440 -5.026243 0.000000
-2.417934 -4.958956 0.000000
-2.418475 -4.897978 0.000000
-2.421615 -4.841854 0.000000
-2.423886 -4.787946 0.000000
-2.422382 -4.741799 0.000000
-2.425532 -4.694467 0.000000
-2.425665 -4.654100 0.000000
-2.426095 -4.615427 0.000000
-2.427268 -4.578563 0.000000
-2.427688 -4.544952 0.000000
-2.429403 -4.510412 0.000000
-2.430278 -4.479517 0.000000
-2.430322 -4.450596 0.000000
-2.432736 -4.423531 0.000000
-2.433418 -4.394907 0.000000
-2.434415 -4.370541 0.000000
-2.435422 -4.345051 0.000000
-2.435458 -4.322034 0.000000
-2.436101 -4.297741 0.000000
-2.435090 -4.277731 0.000000
-2.435956 -4.257582 0.000000
-2.435205 -4.238335 0.000000
-2.436810 -4.215755 0.000000
-2.436781 -4.198672 0.000000
-2.435048 -4.179588 0.000000
-2.436618 -4.161171 0.000000
-2.436448 -4.143397 0.000000
-2.436713 -4.126946 0.000000
-2.435999 -4.109694 0.000000
-2.437401 -4.093460 0.000000
-2.436695 -4.077679 0.000000
-2.437551 -4.062356 0.000000
-2.438225 -4.046979 0.000000
-2.438343 -4.029903 0.000000
-2.438130 -4.015148 0.000000
-2.438376 -3.999606 0.000000
-2.438271 -3.985771 0.000000
-2.439257 -3.970233 0.000000
-2.439670 -3.955077 0.000000
-2.439292 -3.940907 0.000000
-2.439981 -3.926385 0.000000
-2.440007 -3.911480 0.000000
-2.440410 -3.896921 0.000000
-2.439648 -3.884478 0.000000
-2.439720 -3.869757 0.000000
-2.441934 -3.854657 0.000000
-2.440712 -3.840304 0.000000
-2.440373 -3.825603 0.000000
-2.441100 -3.811278 0.000000
-2.442098 -3.797434 0.000000
-2.440831 -3.782459 0.000000
-2.440480 -3.768489 0.000000
-2.440069 -3.755039 0.000000
-2.442277 -3.738497 0.000000
-2.441783 -3.724898 0.000000
-2.441178 -3.710024 0.000000
-2.442116 -3.693099 0.000000
-2.440555 -3.678480 0.000000
-2.441805 -3.661500 0.000000
-2.442350 -3.644702 0.000000
-2.442040 -3.628936 0.000000
-2.440785 -3.612988 0.000000
-2.441902 -3.594618 0.000000
-2.440665 -3.577879 0.000000
-2.440251 -3.559254 0.000000
-2.440731 -3.540848 0.000000
-2.441531 -3.521694 0.000000
-2.441552 -3.502631 0.000000
-2.441162 -3.481277 0.000000
-2.443322 -3.460530 0.000000
-2.441373 -3.437246 0.000000
-2.442286 -3.416631 0.000000
-2.441882 -3.393100 0.000000
-2.442840 -3.367510 0.000000
-2.442491 -3.344060 0.000000
-2.442780 -3.316513 0.000000
-2.442736 -3.288920 0.000000
-2.443841 -3.260513 0.000000
-2.441683 -3.230631 0.000000
-2.441555 -3.198520 0.000000
-2.442502 -3.163888 0.000000
-2.441765 -3.129669 0.000000
-2.441230 -3.089615 0.000000
-2.440464 -3.047950 0.000000
-2.441368 -3.004300 0.000000
-2.440685 -2.959392 0.000000
-2.440612 -2.907398 0.000000
-2.442253 -2.856008 0.000000
-2.440759 -2.795920 0.000000
-2.439028 -2.727637 0.000000
-2.442713 -2.663868 0.000000
-2.441971 -2.588608 0.000000
-2.444682 -2.505238 0.000000
-2.444244 -2.413242 0.000000
-2.491445 -2.425913 0.000000
-2.490038 -2.310438 0.000000
-2.919174 -3.470933 0.000000
-2.971998 -3.603442 0.000000
-2.986464 -3.616214 0.000000
-2.990792 -3.625640 0.000000
-3.000403 -3.633618 0.000000
-3.014108 -3.644800 0.000000
-3.019509 -3.667989 0.000000
-3.024965 -3.676239 0.000000
-3.033907 -3.683106 0.000000
-3.038945 -3.682698 0.000000
-3.043457 -3.691397 0.000000
