x y z
-1.675842 -1.641785 0.000000
-1.711836 -1.622445 0.000000
-1.745532 -1.596708 0.000000
-1.775870 -1.579454 0.000000
-1.807236 -1.561291 0.000000
-1.837539 -1.545811 0.000000
-1.865141 -1.525312 0.000000
-1.893097 -1.509130 0.000000
-1.920994 -1.489473 0.000000
-1.948353 -1.474864 0.000000
-1.973541 -1.459735 0.000000
-1.997655 -1.441053 0.000000
-2.022683 -1.427639 0.000000
-2.047431 -1.415356 0.000000
-2.068804 -1.399761 0.000000
-2.091345 -1.384087 0.000000
-2.114519 -1.370687 0.000000
-2.136843 -1.357626 0.000000
-2.157858 -1.343269 0.000000
-2.179186 -1.328442 0.000000
-2.200726 -1.314463 0.000000
-2.223891 -1.303186 0.000000
-2.243368 -1.290305 0.000000
-2.264403 -1.277494 0.000000
-2.285782 -1.266334 0.000000
-2.305139 -1.250761 0.000000
-2.326769 -1.240939 0.000000
-2.369609 -1.221569 0.000000
-2.389955 -1.208151 0.000000
-2.417209 -1.205320 0.000000
-2.434751 -1.184722 0.000000
-2.459428 -1.176661 0.000000
-2.477794 -1.161343 0.000000
-2.500555 -1.151696 0.000000
-2.527093 -1.144966 0.000000
-2.542756 -1.126037 0.000000
-2.559914 -1.106914 0.000000
-2.166443 -0.628802 0.000000
-2.179678 -0.627871 0.000000
-2.221947 -0.634684 0.000000
-2.198260 -0.603188 0.000000
-2.177842 -0.579488 0.000000
-2.161080 -0.555292 0.000000
-2.145507 -0.534292 0.000000
-2.106581 -0.500709 0.000000
-2.093720 -0.488792 0.000000
-2.077416 -0.476357 0.000000
-2.072072 -0.461516 0.000000
-2.063858 -0.453414 0.000000
-2.056599 -0.446031 0.000000
-2.049590 -0.439166 0.000000
-2.043342 -0.432896 0.000000
-2.028100 -0.423724 0.000000
-2.032999 -0.421830 0.000000
-2.028412 -0.415307 0.000000
-2.027659 -0.411080 0.000000
-2.021072 -0.406388 0.000000
-2.017654 -0.401285 0.000000
-2.019276 -0.398400 0.000000
-2.023353 -0.394522 0.000000
-2.021834 -0.390541 0.000000
-2.018688 -0.386014 0.000000
-2.015013 -0.383042 0.000000
-2.011977 -0.379538 0.000000
-2.009105 -0.376108 0.000000
-2.006158 -0.372811 0.000000
-2.003334 -0.369300 0.000000
-2.002754 -0.366104 0.000000
-1.988611 -0.365592 0.000000
-1.928398 -0.281637 0.000000
-1.924732 -0.278962 0.000000
-1.926222 -0.279507 0.000000
-1.919483 -0.275116 0.000000
-1.919098 -0.274096 0.000000
-1.918571 -0.273015 0.000000
-1.912852 -0.269670 0.000000
-1.909742 -0.267897 0.000000
-1.910395 -0.266809 0.000000
-1.905297 -0.263650 0.000000
-1.904658 -0.262122 0.000000
-1.902071 -0.258956 0.000000
-1.892145 -0.222735 0.000000
-1.888467 -0.218329 0.000000
-1.873002 -0.229696 0.000000
-1.872002 -0.198080 0.000000
-1.867283 -0.193141 0.000000
-1.862328 -0.187318 0.000000
-1.857133 -0.181120 0.000000
-1.851551 -0.174560 0.000000
-1.847575 -0.167518 0.000000
-1.846513 -0.159821 0.000000
-1.833175 -0.153023 0.000000
-1.833480 -0.143423 0.000000
-1.824819 -0.134201 0.000000
-1.819994 -0.124558 0.000000
-1.794917 -0.088071 0.000000
-1.783434 -0.074573 0.000000
-1.772222 -0.059388 0.000000
-1.761412 -0.047874 0.000000
-1.752396 -0.048001 0.000000
-1.745072 -0.054637 0.000000
-1.737100 -0.055892 0.000000
-1.726364 -0.051707 0.000000
-0.016846 3.558722 0.000000
-0.061233 3.221546 0.000000
0.018584 3.155797 0.000000
-1.152310 0.834391 0.000000
-1.125982 0.811476 0.000000
-1.093791 0.797465 0.000000
-1.054393 0.793553 0.000000
0.096413 2.117901 0.000000
0.137794 2.045116 0.000000
2.806386 2.910388 0.000000
2.545004 2.562331 0.000000
2.267836 2.228675 0.000000
2.092457 1.980276 0.000000
1.875390 1.724299 0.000000
1.713421 1.515660 0.000000
1.220890 0.875102 0.000000
1.118251 0.745388 0.000000
1.106618 0.654565 0.000000
1.131440 0.581399 0.000000
1.137936 0.501820 0.000000
1.156793 0.425564 0.000000
1.185897 0.352785 0.000000
1.110976 0.257554 0.000000
1.049871 0.168847 0.000000
0.987863 0.081458 0.000000
0.905088 -0.001859 0.000000
0.853444 -0.078422 0.000000
0.836902 -0.149517 0.000000
-1.650818 -0.402741 0.000000
-1.654266 -0.409862 0.000000
-1.646086 -0.422601 0.000000
-1.648360 -0.427707 0.000000
-1.653137 -0.433217 0.000000
-1.658084 -0.436261 0.000000
-1.661041 -0.438103 0.000000
-1.663836 -0.445373 0.000000
-1.664850 -0.449090 0.000000
-1.667360 -0.454854 0.000000
-1.668002 -0.459986 0.000000
-1.668759 -0.465072 0.000000
-1.668742 -0.470585 0.000000
-1.669318 -0.475892 0.000000
-1.669584 -0.481425 0.000000
-1.665288 -0.490430 0.000000
-1.670616 -0.492648 0.000000
-1.663580 -0.515689 0.000000
-0.289766 -1.538547 0.000000
-0.312915 -1.581617 0.000000
-0.348965 -1.614092 0.000000
-0.376445 -1.654735 0.000000
-0.406544 -1.691974 0.000000
-0.428819 -1.735237 0.000000
-0.462221 -1.771466 0.000000
-0.491251 -1.810792 0.000000
-0.525380 -1.846754 0.000000
-0.559059 -1.882668 0.000000
-0.591204 -1.919956 0.000000
-0.613965 -1.970622 0.000000
-0.647235 -2.004843 0.000000
-0.680483 -2.045381 0.000000
-0.708243 -2.091244 0.000000
-0.744167 -2.130582 0.000000
-0.786397 -2.157622 0.000000
-0.875555 -2.109888 0.000000
-0.956435 -2.064847 0.000000
-1.034083 -2.016423 0.000000
-1.107014 -1.972149 0.000000
-1.173508 -1.929933 0.000000
-1.233492 -1.895976 0.000000
-1.291597 -1.859309 0.000000
-1.346371 -1.826161 0.000000
-1.396162 -1.798667 0.000000
-1.442681 -1.773308 0.000000
-1.488659 -1.741362 0.000000
-1.531622 -1.718798 0.000000
-1.571058 -1.692674 0.000000
-1.608786 -1.674053 0.000000
-1.645982 -1.648894 0.000000
