x y z
0.547069 -0.435155 0.000000
0.551321 -0.419835 0.000000
0.559599 -0.412411 0.000000
0.570530 -0.411995 0.000000
0.579456 -0.408075 0.000000
0.590742 -0.406462 0.000000
0.603928 -0.405107 0.000000
0.623570 -0.410054 0.000000
0.763408 -0.487639 0.000000
1.539595 -1.063604 0.000000
1.546533 -1.020887 0.000000
1.493905 -0.938668 0.000000
1.790056 -1.096911 0.000000
1.965934 -1.156183 0.000000
2.000312 -1.121412 0.000000
2.499763 -1.351848 0.000000
2.430985 -1.244788 0.000000
0.711541 -0.293779 0.000000
0.704699 -0.277365 0.000000
0.691732 -0.258479 0.000000
0.446445 -0.143500 0.000000
0.431645 -0.136363 0.000000
0.428399 -0.132157 0.000000
0.684278 -0.172448 0.000000
0.692890 -0.164216 0.000000
0.696129 -0.154883 0.000000
0.676309 -0.139866 0.000000
0.679367 -0.132657 0.000000
0.682479 -0.120852 0.000000
0.684700 -0.111998 0.000000
0.685460 -0.102092 0.000000
0.689742 -0.092668 0.000000
0.692332 -0.083676 0.000000
0.699030 -0.072089 0.000000
0.702095 -0.064579 0.000000
0.705094 -0.051540 0.000000
0.708029 -0.042080 0.000000
0.709044 -0.030059 0.000000
0.713059 -0.021793 0.000000
0.716710 -0.007913 0.000000
0.724297 0.004251 0.000000
0.730926 0.016245 0.000000
0.742161 0.031282 0.000000
0.757272 0.045698 0.000000
0.777528 0.065348 0.000000
0.778433 0.079567 0.000000
0.783960 0.096162 0.000000
0.774837 0.104255 0.000000
0.766730 0.117323 0.000000
0.775623 0.133413 0.000000
0.768204 0.145193 0.000000
0.770611 0.161724 0.000000
0.778965 0.181812 0.000000
0.802419 0.212082 0.000000
2.407761 1.256331 0.000000
2.455994 1.363777 0.000000
2.516677 1.485262 0.000000
2.594075 1.623664 0.000000
2.777680 1.956575 0.000000
0.365636 0.000186 0.000000
0.362644 0.002836 0.000000
0.361699 0.004943 0.000000
0.358908 0.006682 0.000000
0.352788 0.010172 0.000000
0.454457 0.354763 0.000000
0.296669 0.069499 0.000000
0.292311 0.070854 0.000000
-0.100572 2.805763 0.000000
-0.863616 5.485569 0.000000
-0.987654 5.393363 0.000000
-1.032663 5.002114 0.000000
-1.149135 4.938299 0.000000
0.226015 0.020854 0.000000
0.224995 0.015254 0.000000
0.223412 0.011243 0.000000
0.218662 0.005168 0.000000
0.217967 0.002028 0.000000
0.172087 -0.052405 0.000000
0.124390 -0.070442 0.000000
-0.369377 0.060670 0.000000
-0.430225 0.060084 0.000000
-0.450017 0.045627 0.000000
-0.449703 0.026099 0.000000
-0.467775 -0.009180 0.000000
-0.479885 -0.026781 0.000000
-0.501233 -0.043287 0.000000
-0.548099 -0.057914 0.000000
-0.565509 -0.077249 0.000000
-0.582731 -0.099048 0.000000
-0.609676 -0.119184 0.000000
-0.664066 -0.143121 0.000000
-0.714633 -0.168131 0.000000
-1.068772 -0.249522 0.000000
-1.011323 -0.277675 0.000000
-0.957088 -0.301797 0.000000
-0.912939 -0.325944 0.000000
-0.865434 -0.348702 0.000000
-0.824058 -0.370021 0.000000
-0.785900 -0.388744 0.000000
-0.748849 -0.409234 0.000000
-0.712305 -0.424579 0.000000
-0.678543 -0.441434 0.000000
-0.645529 -0.457123 0.000000
-0.616104 -0.473433 0.000000
-0.584832 -0.486595 0.000000
-0.558687 -0.500279 0.000000
-0.528943 -0.513149 0.000000
-0.502463 -0.524835 0.000000
-0.477108 -0.536404 0.000000
-0.452678 -0.549207 0.000000
0.003699 -0.303236 0.000000
-0.356994 -0.636957 0.000000
-0.342443 -0.650024 0.000000
-0.316518 -0.654498 0.000000
-0.294514 -0.662796 0.000000
-0.277350 -0.673953 0.000000
-0.247605 -0.674993 0.000000
-0.225537 -0.676681 0.000000
-0.184904 -0.686605 0.000000
-0.167775 -0.693896 0.000000
-0.151072 -0.703754 0.000000
-0.134726 -0.711833 0.000000
-0.118441 -0.720847 0.000000
-0.102748 -0.729527 0.000000
-0.084851 -0.738721 0.000000
-0.069345 -0.745088 0.000000
-0.052278 -0.751291 0.000000
-0.036333 -0.760352 0.000000
-0.021010 -0.769443 0.000000
-0.003453 -0.777134 0.000000
0.012235 -0.786761 0.000000
0.028645 -0.793774 0.000000
0.043176 -0.802582 0.000000
0.060243 -0.811300 0.000000
0.077523 -0.819838 0.000000
0.095091 -0.828729 0.000000
0.109751 -0.837426 0.000000
0.128583 -0.846428 0.000000
0.144004 -0.854725 0.000000
0.162185 -0.864390 0.000000
0.254182 -0.464824 0.000000
0.268167 -0.432637 0.000000
0.299707 -0.433746 0.000000
0.306928 -0.436962 0.000000
0.316435 -0.450136 0.000000
0.340756 -0.459031 0.000000
0.353051 -0.469740 0.000000
0.424156 -0.992569 0.000000
0.475088 -1.033123 0.000000
0.428815 -0.670865 0.000000
0.437288 -0.650608 0.000000
0.449124 -0.635533 0.000000
0.460810 -0.630566 0.000000
0.444215 -0.523612 0.000000
0.449902 -0.506161 0.000000
0.457861 -0.498812 0.000000
0.465660 -0.492642 0.000000
0.476420 -0.487012 0.000000
0.485761 -0.483705 0.000000
0.494438 -0.480502 0.000000
0.508534 -0.481158 0.000000
0.527000 -0.496057 0.000000
0.548212 -0.508151 0.000000
0.556782 -0.501308 0.000000
0.561927 -0.490149 0.000000
