x y z
-3.225398 -3.580014 0.000000
-3.236552 -3.578443 0.000000
-3.235452 -3.623934 0.000000
-3.247533 -3.615290 0.000000
-3.264650 -3.596988 0.000000
-3.277121 -3.595934 0.000000
-3.287623 -3.591266 0.000000
-3.299558 -3.591016 0.000000
-3.334170 -3.572146 0.000000
-3.345907 -3.573482 0.000000
-3.353682 -3.582920 0.000000
-3.363622 -3.589313 0.000000
-3.370356 -3.601720 0.000000
-3.361826 -3.638019 0.000000
-3.369431 -3.645710 0.000000
-3.381189 -3.647768 0.000000
-3.391638 -3.652624 0.000000
-3.406377 -3.650976 0.000000
-3.422206 -3.648248 0.000000
-3.433804 -3.654867 0.000000
-3.249380 -3.879039 0.000000
-3.244502 -3.917173 0.000000
-3.248528 -3.919502 0.000000
-3.251016 -3.922861 0.000000
-3.253848 -3.926018 0.000000
-3.258175 -3.926786 0.000000
-3.816890 -3.781613 0.000000
-3.821270 -3.799717 0.000000
-3.825383 -3.817640 0.000000
-3.828855 -3.835896 0.000000
-3.829071 -3.872511 0.000000
-3.814219 -3.892442 0.000000
-3.780823 -3.967182 0.000000
-3.749644 -4.000293 0.000000
-3.757826 -4.016700 0.000000
-3.761664 -4.031546 0.000000
-3.828854 -4.049488 0.000000
-6.806757 -4.483428 0.000000
-7.200495 -4.631092 0.000000
-7.238020 -4.739960 0.000000
-3.326164 -4.119251 0.000000
-3.320466 -4.126311 0.000000
-3.318614 -4.133613 0.000000
-3.314323 -4.135431 0.000000
-3.313039 -4.137517 0.000000
-3.310324 -4.149433 0.000000
-3.310420 -4.163004 0.000000
-3.310558 -4.168994 0.000000
-3.311404 -4.177156 0.000000
-3.313746 -4.181395 0.000000
-3.314736 -4.194096 0.000000
-3.320372 -4.206524 0.000000
-3.677220 -4.573420 0.000000
-3.743106 -4.665481 0.000000
-3.718263 -4.670812 0.000000
-3.653232 -4.632882 0.000000
-3.600737 -4.604131 0.000000
-3.561612 -4.589206 0.000000
-3.533017 -4.583121 0.000000
-3.507257 -4.578073 0.000000
-3.482466 -4.569098 0.000000
-3.461334 -4.567751 0.000000
-3.444475 -4.571198 0.000000
-3.432478 -4.584368 0.000000
-3.423086 -4.596772 0.000000
-3.456906 -4.774708 0.000000
-3.440526 -4.788620 0.000000
-3.427245 -4.809103 0.000000
-3.416741 -4.837397 0.000000
-3.414923 -4.891850 0.000000
-3.883483 -6.671068 0.000000
-3.944946 -7.144833 0.000000
-3.850708 -7.087414 0.000000
-3.814588 -7.296309 0.000000
-3.745854 -7.371828 0.000000
-3.705844 -7.613689 0.000000
-3.904694 -9.537959 0.000000
-3.768433 -9.541186 0.000000
-3.602731 -9.246060 0.000000
-3.296954 -8.228222 0.000000
-3.093750 -8.469002 0.000000
-2.990494 -8.228058 0.000000
-2.910559 -7.758421 0.000000
-2.821125 -7.745288 0.000000
-2.728848 -7.753560 0.000000
-2.636047 -7.767614 0.000000
-2.542064 -7.774260 0.000000
-2.452009 -7.758527 0.000000
-2.410406 -7.487906 0.000000
-2.421545 -7.028037 0.000000
-2.434744 -6.656778 0.000000
-2.500898 -6.158641 0.000000
-2.438329 -6.179965 0.000000
-2.448415 -5.963558 0.000000
-2.453184 -5.801154 0.000000
-2.455084 -5.661682 0.000000
-2.421437 -5.634079 0.000000
-2.400112 -5.574486 0.000000
-2.400013 -5.476695 0.000000
-2.401488 -5.380723 0.000000
-2.404546 -5.296240 0.000000
-2.404901 -5.222359 0.000000
-2.407307 -5.151250 0.000000
-2.408212 -5.088201 0.000000
-2.407883 -5.029317 0.000000
-2.407202 -4.978609 0.000000
-2.407501 -4.925191 0.000000
-2.410489 -4.876937 0.000000
-2.411953 -4.833028 0.000000
-2.411653 -4.790662 0.000000
-2.414910 -4.750550 0.000000
-2.412640 -4.716769 0.000000
-2.415538 -4.679490 0.000000
-2.416055 -4.644603 0.000000
-2.416642 -4.613678 0.000000
-2.418608 -4.581961 0.000000
-2.420222 -4.552857 0.000000
-2.419887 -4.525256 0.000000
-2.423873 -4.497533 0.000000
-2.422439 -4.471665 0.000000
-2.422194 -4.447455 0.000000
-2.422938 -4.423392 0.000000
-2.423910 -4.402187 0.000000
-2.423691 -4.380061 0.000000
-2.423193 -4.357963 0.000000
-2.424009 -4.337382 0.000000
-2.424252 -4.316905 0.000000
-2.424383 -4.295633 0.000000
-2.424427 -4.276801 0.000000
-2.424442 -4.258125 0.000000
-2.426424 -4.238484 0.000000
-2.426046 -4.219009 0.000000
-2.425446 -4.201496 0.000000
-2.424523 -4.185070 0.000000
-2.424636 -4.168161 0.000000
-2.425539 -4.150698 0.000000
-2.427659 -4.133420 0.000000
-2.427292 -4.115488 0.000000
-2.426015 -4.098563 0.000000
-2.426943 -4.081814 0.000000
-2.427868 -4.066128 0.000000
-2.427493 -4.048052 0.000000
-2.426665 -4.031690 0.000000
-2.427734 -4.015292 0.000000
-2.427448 -3.999311 0.000000
-2.429058 -3.982821 0.000000
-2.428481 -3.967912 0.000000
-2.426548 -3.952092 0.000000
-2.428452 -3.934294 0.000000
-2.428849 -3.918161 0.000000
-2.429197 -3.901564 0.000000
-2.428184 -3.886319 0.000000
-2.429848 -3.869541 0.000000
-2.429326 -3.852948 0.000000
-2.430371 -3.835769 0.000000
-2.429966 -3.818811 0.000000
-2.429958 -3.800130 0.000000
-2.429447 -3.782817 0.000000
-2.431094 -3.765777 0.000000
-2.429625 -3.748168 0.000000
-2.427908 -3.728800 0.000000
-2.429134 -3.708723 0.000000
-2.429974 -3.691194 0.000000
-2.430025 -3.670432 0.000000
-2.428336 -3.651275 0.000000
-2.429818 -3.630724 0.000000
-2.428139 -3.608549 0.000000
-2.430323 -3.588070 0.000000
-2.423512 -3.562500 0.000000
-3.098354 -3.139513 0.000000
