x y z
-4.529662 -6.145849 0.000000
-4.570283 -6.145017 0.000000
-4.596797 -6.125966 0.000000
-4.685494 -6.175343 0.000000
-4.773190 -6.218105 0.000000
-4.900474 -6.298342 0.000000
-4.952355 -6.290473 0.000000
-4.984606 -6.262558 0.000000
-6.756280 -7.412876 0.000000
-5.314241 -6.184116 0.000000
-5.047091 -5.951846 0.000000
-5.030505 -5.896875 0.000000
-5.054389 -5.865363 0.000000
-4.667255 -5.607848 0.000000
-5.044206 -5.695550 0.000000
-5.036752 -5.651906 0.000000
-5.066892 -5.626872 0.000000
-7.425748 -6.272102 0.000000
-7.137708 -5.997116 0.000000
-5.739174 -5.570307 0.000000
-5.698529 -5.509651 0.000000
-5.363057 -5.394480 0.000000
-4.916175 -5.280518 0.000000
-6.364121 -5.318122 0.000000
-6.279863 -5.247659 0.000000
-6.061903 -5.175752 0.000000
-4.193389 -5.079441 0.000000
-4.201079 -5.068263 0.000000
-4.436351 -4.987912 0.000000
-4.416318 -4.972859 0.000000
-4.393880 -4.959608 0.000000
-4.375282 -4.945056 0.000000
-4.363435 -4.930563 0.000000
-4.355902 -4.914583 0.000000
-4.347531 -4.901495 0.000000
-4.349583 -4.882936 0.000000
-4.378773 -4.854623 0.000000
-5.274728 -4.412993 0.000000
-5.310837 -4.349937 0.000000
-5.272541 -4.321394 0.000000
-5.243257 -4.287023 0.000000
-5.208912 -4.256644 0.000000
-4.468260 -4.590502 0.000000
-4.449669 -4.575181 0.000000
-4.438722 -4.556841 0.000000
-3.997666 -4.852056 0.000000
-3.994683 -4.845614 0.000000
-4.394766 -4.413135 0.000000
-4.386005 -4.388325 0.000000
-4.422680 -4.312321 0.000000
-4.711751 -3.821700 0.000000
-4.685819 -3.790343 0.000000
-4.659493 -3.757130 0.000000
-4.626572 -3.733642 0.000000
-4.593991 -3.709471 0.000000
-4.561277 -3.685212 0.000000
-4.544591 -3.631809 0.000000
-4.501967 -3.622640 0.000000
-4.467715 -3.597865 0.000000
-4.439029 -3.560271 0.000000
-4.272560 -3.827556 0.000000
-4.241551 -3.809776 0.000000
-4.337334 -3.475244 0.000000
-4.300472 -3.449334 0.000000
-4.174451 -3.690259 0.000000
-3.847662 -4.610590 0.000000
-3.836928 -4.605908 0.000000
-3.775473 -4.792317 0.000000
-3.763954 -4.805661 0.000000
-3.752954 -4.815081 0.000000
-3.744039 -4.822744 0.000000
-3.735584 -4.829167 0.000000
-3.727000 -4.835318 0.000000
-3.718060 -4.840481 0.000000
-3.711031 -4.845372 0.000000
-3.706099 -4.850339 0.000000
-3.697815 -4.857937 0.000000
-3.695360 -4.865198 0.000000
-3.685980 -4.872886 0.000000
-3.680734 -4.874710 0.000000
-3.671650 -4.875639 0.000000
-3.666315 -4.878855 0.000000
-3.664972 -4.880456 0.000000
-3.659311 -4.882404 0.000000
-3.657095 -4.883525 0.000000
-3.648987 -4.886722 0.000000
-3.643922 -4.887076 0.000000
-3.632018 -4.886927 0.000000
-3.635767 -4.892976 0.000000
-3.624960 -4.899957 0.000000
-3.623287 -4.899622 0.000000
-3.618635 -4.900713 0.000000
-3.609565 -4.902522 0.000000
-3.611356 -4.921250 0.000000
-3.590537 -4.912050 0.000000
-3.581791 -4.916524 0.000000
-3.576143 -4.918811 0.000000
-3.575025 -4.918089 0.000000
-3.565360 -4.924171 0.000000
-3.563505 -4.924422 0.000000
-3.560346 -4.923170 0.000000
-3.551855 -4.923649 0.000000
-3.543448 -4.924635 0.000000
-3.535609 -4.931006 0.000000
-3.536396 -4.932350 0.000000
-3.529726 -4.933952 0.000000
-3.519879 -4.935197 0.000000
-3.513282 -4.935985 0.000000
-3.501224 -4.939369 0.000000
-3.491301 -4.936697 0.000000
-3.481403 -4.939621 0.000000
-3.472887 -4.942241 0.000000
-2.656583 -4.496090 0.000000
-2.648975 -4.525491 0.000000
-2.631491 -4.549411 0.000000
-2.605109 -4.571515 0.000000
-2.587880 -4.595943 0.000000
-2.564706 -4.618874 0.000000
-2.544836 -4.645614 0.000000
-2.520084 -4.668444 0.000000
-2.495647 -4.692524 0.000000
-2.476029 -4.720381 0.000000
-2.450568 -4.745239 0.000000
-2.426528 -4.772464 0.000000
-2.400477 -4.799664 0.000000
-2.375836 -4.830021 0.000000
-2.347562 -4.858721 0.000000
-2.320950 -4.888405 0.000000
-2.292312 -4.918471 0.000000
-2.263320 -4.952074 0.000000
-2.229569 -4.984521 0.000000
-2.203567 -5.018503 0.000000
-2.167797 -5.054962 0.000000
-2.135943 -5.091445 0.000000
-2.100730 -5.130785 0.000000
-2.326230 -5.165851 0.000000
-2.080493 -5.211204 0.000000
-2.049742 -5.252955 0.000000
-1.921908 -5.307005 0.000000
-1.937587 -5.350672 0.000000
-1.823829 -5.412032 0.000000
-1.764810 -5.468653 0.000000
-1.703999 -5.530066 0.000000
-1.653966 -5.594294 0.000000
-1.580968 -5.664653 0.000000
-1.520655 -5.738951 0.000000
-1.444805 -5.819471 0.000000
-1.360421 -5.909141 0.000000
-1.280283 -6.002875 0.000000
-1.176341 -6.110792 0.000000
-1.050831 -6.234044 0.000000
-0.944525 -6.359899 0.000000
-0.794556 -6.512861 0.000000
-1.888229 -6.055510 0.000000
1.218009 -8.253829 0.000000
1.036593 -8.306907 0.000000
0.919361 -8.396225 0.000000
0.542511 -9.192595 0.000000
0.484119 -9.337024 0.000000
-1.531096 -8.093281 0.000000
-0.292252 -10.008158 0.000000
-0.551678 -9.885454 0.000000
-3.066329 -6.381974 0.000000
-3.398335 -6.008995 0.000000
-3.429227 -5.993429 0.000000
-3.452745 -5.997162 0.000000
-3.469153 -6.021395 0.000000
-2.376572 -10.587693 0.000000
-3.039737 -8.267830 0.000000
-3.377064 -10.195938 0.000000
-3.582448 -8.517707 0.000000
-3.756336 -10.407599 0.000000
-3.807896 -7.478089 0.000000
-3.787275 -5.948018 0.000000
-3.807703 -5.934057 0.000000
-4.590583 -9.907860 0.000000
-4.085285 -6.449539 0.000000
-4.719881 -7.609639 0.000000
-5.113483 -8.379644 0.000000
-4.923727 -7.739259 0.000000
-4.377347 -6.277360 0.000000
-4.376857 -6.206822 0.000000
-4.416086 -6.211452 0.000000
-4.442567 -6.196071 0.000000
-4.474189 -6.184761 0.000000
-4.492477 -6.155268 0.000000
