x y z
-3.472963 -3.847071 0.000000
-3.470893 -3.842777 0.000000
-3.468042 -3.838854 0.000000
-3.465781 -3.834691 0.000000
-3.464769 -3.828848 0.000000
-3.460727 -3.826624 0.000000
-3.463795 -3.819376 0.000000
-3.459590 -3.816261 0.000000
-3.457014 -3.812197 0.000000
-3.453104 -3.809044 0.000000
-3.449919 -3.805387 0.000000
-3.447483 -3.801256 0.000000
-3.445527 -3.796708 0.000000
-3.444792 -3.794205 0.000000
-3.440274 -3.787358 0.000000
-3.439820 -3.782754 0.000000
-3.440082 -3.775743 0.000000
-3.437944 -3.770736 0.000000
-3.437709 -3.763564 0.000000
-3.436546 -3.757063 0.000000
-3.437549 -3.754941 0.000000
-3.431078 -3.745517 0.000000
-3.438867 -3.713736 0.000000
-3.437441 -3.705699 0.000000
-3.443961 -3.662377 0.000000
-3.440259 -3.656738 0.000000
-3.435434 -3.649204 0.000000
-3.439351 -3.598893 0.000000
-3.434722 -3.586663 0.000000
-3.430882 -3.572301 0.000000
-3.427668 -3.560012 0.000000
-3.420759 -3.549471 0.000000
-3.415560 -3.538444 0.000000
-3.412248 -3.523473 0.000000
-3.521941 -3.055096 0.000000
-3.507751 -2.812445 0.000000
-3.481177 -2.814129 0.000000
-3.376255 -3.264344 0.000000
-3.359813 -3.254827 0.000000
-3.345806 -3.251229 0.000000
-3.329640 -3.238784 0.000000
-3.262852 -3.519422 0.000000
-3.252798 -3.533507 0.000000
-3.245891 -3.546038 0.000000
-3.237950 -3.551828 0.000000
-3.228432 -3.548454 0.000000
-3.220736 -3.619947 0.000000
-3.051164 -2.826090 0.000000
-3.023816 -2.832643 0.000000
-2.993670 -2.824110 0.000000
-2.969896 -2.839905 0.000000
-3.055021 -3.221639 0.000000
-3.043081 -3.236624 0.000000
-3.026621 -3.243027 0.000000
-3.006693 -3.241588 0.000000
-2.985211 -3.234203 0.000000
-3.169560 -3.720338 0.000000
-2.920220 -3.263900 0.000000
-2.904172 -3.274322 0.000000
-2.863979 -3.242620 0.000000
-3.132958 -3.722090 0.000000
-3.131238 -3.730528 0.000000
-3.123608 -3.734749 0.000000
-3.124220 -3.734209 0.000000
-3.112459 -3.742426 0.000000
-3.101945 -3.744947 0.000000
-3.096819 -3.742372 0.000000
-3.088237 -3.745905 0.000000
-3.082318 -3.742805 0.000000
-3.073475 -3.750337 0.000000
-3.064481 -3.744782 0.000000
-3.052221 -3.741426 0.000000
-2.596533 -3.440333 0.000000
-2.581628 -3.456123 0.000000
-2.578663 -3.479300 0.000000
-2.549829 -3.483428 0.000000
-2.527418 -3.494773 0.000000
-2.511539 -3.510341 0.000000
-2.499980 -3.527354 0.000000
-2.485441 -3.544173 0.000000
-2.464143 -3.555915 0.000000
-2.441695 -3.570854 0.000000
-2.406843 -3.581262 0.000000
-2.366564 -3.588368 0.000000
-0.295721 -3.402084 0.000000
-0.272990 -3.472402 0.000000
-0.469945 -3.572996 0.000000
-0.494311 -3.643143 0.000000
-0.509760 -3.713417 0.000000
-0.547799 -3.781563 0.000000
-0.490498 -3.845901 0.000000
0.039238 -3.906024 0.000000
0.106158 -3.986271 0.000000
0.299280 -4.074189 0.000000
2.257531 -4.278834 0.000000
1.954629 -4.387344 0.000000
0.717701 -4.674194 0.000000
0.694086 -4.769184 0.000000
0.384649 -4.797038 0.000000
0.376120 -4.888509 0.000000
0.336014 -4.971588 0.000000
0.305650 -5.058046 0.000000
0.284267 -5.242988 0.000000
0.150745 -5.286134 0.000000
-0.139134 -5.261510 0.000000
-0.698500 -5.102008 0.000000
-1.308662 -4.946884 0.000000
-1.601549 -4.904338 0.000000
-1.736495 -4.878107 0.000000
-1.814975 -4.881013 0.000000
-1.844544 -4.911331 0.000000
-1.948647 -4.890289 0.000000
-2.040134 -4.872219 0.000000
-2.126015 -4.853837 0.000000
-2.201109 -4.838894 0.000000
-2.267673 -4.826074 0.000000
-2.331541 -4.813844 0.000000
-2.392376 -4.799717 0.000000
-2.447604 -4.788035 0.000000
-2.494449 -4.780086 0.000000
-2.545533 -4.766918 0.000000
-2.587863 -4.761708 0.000000
-2.630395 -4.749925 0.000000
-2.670809 -4.741382 0.000000
-2.708291 -4.732323 0.000000
-2.742917 -4.725389 0.000000
-2.777726 -4.716338 0.000000
-2.807142 -4.711170 0.000000
-2.836645 -4.703982 0.000000
-2.867312 -4.697105 0.000000
-2.893936 -4.691099 0.000000
-2.921299 -4.683777 0.000000
-2.947741 -4.675716 0.000000
-2.971828 -4.672064 0.000000
-2.995493 -4.667141 0.000000
-3.016587 -4.664195 0.000000
-3.038547 -4.659224 0.000000
-3.060656 -4.655374 0.000000
-3.081196 -4.652100 0.000000
-3.101696 -4.648074 0.000000
-3.121360 -4.643881 0.000000
-3.140899 -4.640227 0.000000
-3.159551 -4.634929 0.000000
-3.177287 -4.631593 0.000000
-3.196175 -4.627753 0.000000
-3.214658 -4.622898 0.000000
-3.230840 -4.620912 0.000000
-3.247158 -4.617319 0.000000
-3.265718 -4.613934 0.000000
-3.281811 -4.610537 0.000000
-3.298862 -4.607253 0.000000
-3.314797 -4.603085 0.000000
-3.332484 -4.599930 0.000000
-3.348801 -4.597181 0.000000
-3.363800 -4.593169 0.000000
-3.380922 -4.590535 0.000000
-3.395438 -4.586860 0.000000
-3.411596 -4.583309 0.000000
-3.427183 -4.580741 0.000000
-3.442603 -4.577319 0.000000
-3.459893 -4.573026 0.000000
-3.475706 -4.571532 0.000000
-3.490545 -4.567085 0.000000
-3.507370 -4.565021 0.000000
-3.523524 -4.561175 0.000000
-3.539528 -4.556689 0.000000
-3.555961 -4.553488 0.000000
-3.572518 -4.551995 0.000000
-3.589435 -4.547162 0.000000
-3.606689 -4.544758 0.000000
-3.623321 -4.542250 0.000000
-3.640603 -4.537236 0.000000
-3.658351 -4.535232 0.000000
-3.675623 -4.532206 0.000000
-3.693249 -4.528808 0.000000
-3.712625 -4.525252 0.000000
-3.731679 -4.519217 0.000000
-3.751865 -4.516762 0.000000
-3.770428 -4.512530 0.000000
-3.791465 -4.509957 0.000000
-3.811462 -4.505088 0.000000
-3.833873 -4.501493 0.000000
-3.854921 -4.497212 0.000000
-3.878263 -4.492862 0.000000
-3.900154 -4.487201 0.000000
-3.927460 -4.484948 0.000000
-3.952046 -4.478614 0.000000
-3.978115 -4.475636 0.000000
-4.004563 -4.469466 0.000000
-4.035460 -4.462725 0.000000
-4.066878 -4.458130 0.000000
-4.097002 -4.452327 0.000000
-4.128529 -4.445273 0.000000
-4.166042 -4.440829 0.000000
-3.614055 -4.083667 0.000000
-3.586919 -4.059928 0.000000
-3.581478 -4.048866 0.000000
-3.580100 -4.035164 0.000000
-3.554860 -4.014029 0.000000
-3.546480 -4.001927 0.000000
-3.545101 -3.996997 0.000000
-3.521878 -3.981545 0.000000
-3.517177 -3.974464 0.000000
-3.514064 -3.968850 0.000000
-3.513042 -3.963743 0.000000
-3.512960 -3.951692 0.000000
-3.512515 -3.949277 0.000000
-3.512668 -3.940600 0.000000
-3.512814 -3.935150 0.000000
-3.514075 -3.929812 0.000000
-3.514458 -3.924350 0.000000
-3.514723 -3.922691 0.000000
-3.515079 -3.913440 0.000000
-3.511824 -3.908196 0.000000
-3.501351 -3.905276 0.000000
-3.492528 -3.899458 0.000000
-3.490196 -3.894755 0.000000
-3.491223 -3.889662 0.000000
-3.489897 -3.884853 0.000000
-3.494588 -3.878873 0.000000
-3.490826 -3.874575 0.000000
-3.492516 -3.868884 0.000000
-3.485182 -3.865726 0.000000
-3.481875 -3.861627 0.000000
-3.479504 -3.857543 0.000000
-3.476745 -3.854916 0.000000
-3.473864 -3.849334 0.000000
