x y z
-3.018073 -3.698762 0.000000
-3.021518 -3.707775 0.000000
-3.033577 -3.697337 0.000000
-3.038280 -3.695050 0.000000
-3.086927 -3.739343 0.000000
-3.126236 -3.723586 0.000000
-3.192492 -3.713747 0.000000
-3.195393 -3.720804 0.000000
-3.198819 -3.719086 0.000000
-3.201820 -3.721301 0.000000
-3.212737 -3.725997 0.000000
-3.214421 -3.724048 0.000000
-3.222879 -3.726178 0.000000
-3.233317 -3.725674 0.000000
-3.768070 -3.466327 0.000000
-3.745424 -3.502044 0.000000
-3.742457 -3.524560 0.000000
-3.740574 -3.546928 0.000000
-3.717124 -3.580577 0.000000
-3.716093 -3.600419 0.000000
-3.730826 -3.615156 0.000000
-3.751794 -3.626311 0.000000
-5.062607 -3.825514 0.000000
-4.836084 -3.877835 0.000000
-4.803380 -3.921290 0.000000
-4.783066 -3.965324 0.000000
-7.217138 -4.367213 0.000000
-4.753299 -4.134102 0.000000
-3.314723 -3.954767 0.000000
-3.309912 -3.960660 0.000000
-3.306655 -3.968540 0.000000
-3.306726 -3.991578 0.000000
-3.305568 -4.000760 0.000000
-3.306393 -4.010439 0.000000
-3.306177 -4.015530 0.000000
-3.313536 -4.028181 0.000000
-3.320540 -4.039538 0.000000
-5.548608 -5.446201 0.000000
-7.195639 -6.591142 0.000000
-7.120953 -6.686882 0.000000
-7.083624 -6.807417 0.000000
-3.902626 -4.608999 0.000000
-3.918729 -4.658490 0.000000
-3.875903 -4.660793 0.000000
-3.866118 -4.688165 0.000000
-3.856258 -4.717601 0.000000
-3.601842 -4.503634 0.000000
-3.563129 -4.494305 0.000000
-3.546360 -4.506212 0.000000
-3.527968 -4.515247 0.000000
-3.508972 -4.523508 0.000000
-3.486317 -4.526713 0.000000
-3.469744 -4.538172 0.000000
-3.461263 -4.557475 0.000000
-3.445915 -4.570602 0.000000
-3.433311 -4.589096 0.000000
-3.424202 -4.611946 0.000000
-3.419123 -4.644908 0.000000
-3.420110 -4.693897 0.000000
-3.441300 -4.781746 0.000000
-4.088188 -6.522461 0.000000
-3.980159 -6.433586 0.000000
-3.915058 -6.451245 0.000000
-3.834879 -6.421594 0.000000
-3.795268 -6.508796 0.000000
-3.877529 -7.045069 0.000000
-3.822122 -7.149698 0.000000
-3.784755 -7.354712 0.000000
-4.105344 -9.345863 0.000000
-3.973165 -9.367908 0.000000
-3.791301 -9.089281 0.000000
-3.216364 -7.924126 0.000000
-3.116150 -7.903026 0.000000
-3.016457 -7.594213 0.000000
-2.926140 -7.590820 0.000000
-2.836488 -7.596523 0.000000
-2.747127 -7.591332 0.000000
-2.567804 -7.558030 0.000000
-2.586587 -5.993279 0.000000
-2.494490 -5.928605 0.000000
-2.494209 -5.731837 0.000000
-2.490454 -5.575632 0.000000
-2.472741 -5.483976 0.000000
-2.375156 -5.648951 0.000000
-2.431456 -5.363217 0.000000
-2.429877 -5.260235 0.000000
-2.428581 -5.172312 0.000000
-2.427435 -5.089768 0.000000
-2.424484 -5.018381 0.000000
-2.427653 -4.946670 0.000000
-2.423250 -4.891308 0.000000
-2.425201 -4.833563 0.000000
-2.424539 -4.782210 0.000000
-2.423265 -4.734081 0.000000
-2.423719 -4.687493 0.000000
-2.421891 -4.648940 0.000000
-2.423921 -4.607865 0.000000
-2.424850 -4.570289 0.000000
-2.423994 -4.537334 0.000000
-2.423866 -4.503264 0.000000
-2.422940 -4.474518 0.000000
-2.422179 -4.446642 0.000000
-2.422833 -4.416609 0.000000
-2.423438 -4.389796 0.000000
-2.423045 -4.363360 0.000000
-2.425675 -4.339023 0.000000
-2.424524 -4.317313 0.000000
-2.425258 -4.294474 0.000000
-2.422514 -4.274165 0.000000
-2.421469 -4.252854 0.000000
-2.421621 -4.232563 0.000000
-2.421245 -4.214483 0.000000
-2.421459 -4.193612 0.000000
-2.419448 -4.177156 0.000000
-2.420416 -4.159137 0.000000
-2.419349 -4.140573 0.000000
-2.419169 -4.123541 0.000000
-2.418770 -4.106939 0.000000
-2.419648 -4.090528 0.000000
-2.418900 -4.075191 0.000000
-2.418508 -4.058180 0.000000
-2.417773 -4.042927 0.000000
-2.418750 -4.026879 0.000000
-2.418979 -4.011438 0.000000
-2.418005 -3.995772 0.000000
-2.417009 -3.981898 0.000000
-2.417179 -3.965426 0.000000
-2.418017 -3.952457 0.000000
-2.417213 -3.938160 0.000000
-2.418064 -3.921645 0.000000
-2.416547 -3.908149 0.000000
-2.416038 -3.893287 0.000000
-2.415434 -3.880532 0.000000
-2.416122 -3.865183 0.000000
-2.415629 -3.852247 0.000000
-2.414258 -3.837602 0.000000
-2.415480 -3.823220 0.000000
-2.415179 -3.807538 0.000000
-2.414545 -3.793685 0.000000
-2.414138 -3.778760 0.000000
-2.415091 -3.763946 0.000000
-2.412099 -3.750270 0.000000
-2.412267 -3.735177 0.000000
-2.412493 -3.720285 0.000000
-2.411618 -3.703166 0.000000
-2.411542 -3.688306 0.000000
-2.412235 -3.672947 0.000000
-2.410438 -3.655933 0.000000
-2.408879 -3.641434 0.000000
-2.408997 -3.624845 0.000000
-2.408481 -3.606875 0.000000
-2.408794 -3.589266 0.000000
-2.407538 -3.572317 0.000000
-2.407825 -3.553656 0.000000
-2.408708 -3.535277 0.000000
-2.407143 -3.515429 0.000000
-2.406849 -3.497099 0.000000
-2.405400 -3.477492 0.000000
-2.405945 -3.454258 0.000000
-2.405960 -3.433052 0.000000
-2.403234 -3.410323 0.000000
-2.404633 -3.386203 0.000000
-2.402945 -3.363034 0.000000
-2.401723 -3.337592 0.000000
-2.400659 -3.311485 0.000000
-2.399900 -3.283856 0.000000
-2.399543 -3.253640 0.000000
-2.398224 -3.223654 0.000000
-2.396005 -3.190014 0.000000
-2.395265 -3.155401 0.000000
-2.394579 -3.118822 0.000000
-2.393586 -3.080932 0.000000
-2.392010 -3.041302 0.000000
-2.391075 -2.997522 0.000000
-2.389903 -2.949758 0.000000
-2.388131 -2.898040 0.000000
-2.385223 -2.840989 0.000000
-2.383977 -2.784839 0.000000
-2.382575 -2.722311 0.000000
-2.379704 -2.650559 0.000000
-2.379723 -2.574254 0.000000
-2.379687 -2.492775 0.000000
-2.375239 -2.396599 0.000000
-2.330767 -2.190367 0.000000
-2.880892 -3.448740 0.000000
-2.942084 -3.594252 0.000000
-2.953631 -3.603217 0.000000
-2.960532 -3.611556 0.000000
-2.975144 -3.623915 0.000000
-2.987849 -3.650905 0.000000
-2.993752 -3.659711 0.000000
-2.999189 -3.665416 0.000000
-3.004170 -3.668261 0.000000
-3.008606 -3.679974 0.000000
-3.013353 -3.690049 0.000000
