x y z
1.748307 3.328629 0.000000
1.716018 3.366328 0.000000
1.682847 3.402953 0.000000
1.647593 3.431858 0.000000
1.607313 3.431953 0.000000
1.566469 3.427832 0.000000
1.526464 3.432910 0.000000
1.487009 3.431465 0.000000
1.446359 3.424554 0.000000
1.406205 3.430122 0.000000
1.367714 3.430765 0.000000
1.327570 3.428360 0.000000
1.286452 3.435648 0.000000
1.247217 3.433845 0.000000
1.207868 3.431825 0.000000
1.166142 3.437310 0.000000
1.126576 3.433295 0.000000
1.084751 3.432403 0.000000
1.042085 3.438749 0.000000
0.999313 3.437330 0.000000
0.955855 3.438015 0.000000
0.914347 3.435110 0.000000
0.867333 3.440634 0.000000
0.824899 3.435275 0.000000
0.778360 3.436062 0.000000
0.729615 3.440741 0.000000
0.681302 3.440610 0.000000
0.631539 3.442186 0.000000
0.581900 3.438942 0.000000
0.527419 3.443156 0.000000
0.474549 3.439756 0.000000
0.422244 3.434135 0.000000
0.423185 3.346320 0.000000
0.373235 3.340083 0.000000
0.314733 3.340801 0.000000
0.254096 3.344744 0.000000
0.205700 3.326619 0.000000
0.209332 3.247417 0.000000
0.201532 3.186846 0.000000
0.201839 3.118556 0.000000
0.198535 3.058723 0.000000
0.196978 2.998703 0.000000
0.199875 2.939282 0.000000
0.199021 2.884593 0.000000
0.198218 2.833804 0.000000
0.195461 2.783747 0.000000
0.194580 2.735695 0.000000
0.194664 2.688152 0.000000
0.192988 2.643389 0.000000
0.193622 2.598105 0.000000
0.193057 2.557235 0.000000
0.193987 2.513109 0.000000
0.193762 2.474331 0.000000
0.195019 2.434941 0.000000
0.193873 2.395998 0.000000
0.191509 2.358817 0.000000
0.194284 2.322656 0.000000
0.191448 2.287043 0.000000
0.192454 2.250654 0.000000
0.196931 2.215730 0.000000
0.193025 2.183183 0.000000
0.187676 2.149807 0.000000
0.085995 2.143195 0.000000
0.148904 2.092430 0.000000
0.144875 2.060585 0.000000
0.146902 2.026807 0.000000
0.142565 1.993832 0.000000
0.143190 1.961782 0.000000
0.142000 1.928632 0.000000
0.144205 1.896444 0.000000
0.138937 1.863934 0.000000
0.187484 1.829422 0.000000
0.186616 1.798568 0.000000
0.187307 1.766680 0.000000
0.186160 1.736676 0.000000
0.187359 1.705358 0.000000
0.187773 1.672457 0.000000
0.683589 1.706780 0.000000
0.751269 1.695906 0.000000
0.775846 1.684333 0.000000
0.785240 1.667078 0.000000
0.792030 1.652829 0.000000
0.795362 1.634804 0.000000
0.787336 1.616086 0.000000
0.180334 1.337792 0.000000
0.177184 1.300828 0.000000
0.177456 1.263652 0.000000
0.179765 1.227051 0.000000
0.179357 1.186583 0.000000
0.174871 1.145054 0.000000
0.174077 1.104769 0.000000
0.177669 1.062672 0.000000
0.175571 1.019670 0.000000
0.179318 0.976168 0.000000
1.068056 1.538968 0.000000
1.080100 1.534243 0.000000
1.088508 1.527649 0.000000
1.095262 1.518006 0.000000
1.100556 1.507422 0.000000
1.106096 1.494845 0.000000
1.111044 1.482968 0.000000
1.114243 1.470373 0.000000
1.119533 1.456607 0.000000
1.122742 1.444035 0.000000
1.127273 1.430375 0.000000
1.124859 1.407591 0.000000
1.119665 1.379124 0.000000
0.422205 0.192793 0.000000
0.476727 0.190994 0.000000
0.533338 0.191414 0.000000
0.581588 0.184408 0.000000
0.637496 0.190228 0.000000
0.682715 0.180040 0.000000
0.735373 0.185846 0.000000
0.780742 0.178343 0.000000
1.250210 1.261009 0.000000
1.298721 1.355413 0.000000
1.316104 1.363137 0.000000
1.324987 1.358997 0.000000
1.338800 1.353429 0.000000
1.349535 1.352214 0.000000
1.354681 1.324809 0.000000
1.363341 1.299835 0.000000
1.223745 0.173067 0.000000
1.265771 0.176079 0.000000
1.305921 0.182792 0.000000
1.346504 0.174395 0.000000
1.388283 0.179229 0.000000
1.428763 0.174122 0.000000
1.470219 0.179023 0.000000
1.510941 0.174681 0.000000
1.552132 0.174619 0.000000
1.594135 0.172139 0.000000
1.635273 0.175891 0.000000
1.676811 0.170635 0.000000
1.719582 0.166824 0.000000
1.761198 0.169435 0.000000
1.804444 0.174460 0.000000
1.798449 0.388119 0.000000
1.975371 0.188605 0.000000
2.026296 0.172829 0.000000
2.074675 0.166830 0.000000
2.119823 0.171710 0.000000
2.124268 0.275916 0.000000
2.128059 0.371243 0.000000
2.130008 0.461389 0.000000
2.131630 0.540767 0.000000
2.131823 0.614771 0.000000
2.131237 0.685927 0.000000
2.132391 0.747792 0.000000
2.133499 0.805599 0.000000
2.131194 0.864528 0.000000
2.131764 0.913266 0.000000
2.129641 0.962770 0.000000
2.129758 1.007322 0.000000
2.131109 1.048651 0.000000
2.131222 1.086132 0.000000
2.129260 1.124585 0.000000
2.129047 1.160760 0.000000
1.651984 1.661973 0.000000
1.656209 1.666547 0.000000
1.664481 1.670131 0.000000
1.722638 1.689651 0.000000
1.732287 1.690584 0.000000
2.125183 1.546837 0.000000
2.125153 1.566264 0.000000
2.125652 1.587023 0.000000
2.125881 1.606266 0.000000
2.125592 1.624547 0.000000
2.125406 1.642922 0.000000
2.124762 1.662335 0.000000
2.127154 1.679240 0.000000
2.127056 1.695985 0.000000
2.127638 1.714568 0.000000
2.127672 1.731000 0.000000
2.126563 1.749538 0.000000
2.128570 1.766303 0.000000
2.127983 1.784203 0.000000
2.118452 1.802740 0.000000
2.116623 1.817328 0.000000
2.118218 1.834228 0.000000
2.116645 1.850930 0.000000
2.116157 1.867641 0.000000
2.118478 1.884790 0.000000
2.117246 1.900630 0.000000
2.118697 1.918148 0.000000
2.116394 1.935832 0.000000
2.117931 1.952160 0.000000
2.116433 1.969030 0.000000
2.116802 1.988177 0.000000
2.117685 2.004386 0.000000
2.117278 2.022046 0.000000
2.117963 2.040681 0.000000
2.117312 2.058780 0.000000
2.116980 2.077686 0.000000
2.118256 2.096077 0.000000
2.118956 2.115493 0.000000
2.119024 2.135282 0.000000
2.119921 2.156374 0.000000
2.118370 2.179569 0.000000
2.119721 2.200407 0.000000
2.123170 2.223802 0.000000
2.125239 2.247181 0.000000
2.126058 2.272135 0.000000
2.126977 2.295582 0.000000
2.127576 2.319598 0.000000
2.125197 2.346006 0.000000
2.125908 2.372804 0.000000
2.128800 2.400917 0.000000
2.126491 2.428996 0.000000
2.128885 2.462577 0.000000
2.131277 2.494981 0.000000
2.131764 2.528578 0.000000
2.134809 2.566221 0.000000
2.137309 2.604958 0.000000
2.136530 2.644779 0.000000
2.141065 2.688786 0.000000
2.145011 2.737324 0.000000
2.146779 2.789492 0.000000
2.145367 2.835676 0.000000
2.143792 2.887224 0.000000
2.104671 2.885362 0.000000
2.085657 2.913920 0.000000
2.063677 2.938685 0.000000
2.041442 2.964128 0.000000
2.019307 2.990330 0.000000
1.997598 3.020731 0.000000
1.974089 3.047493 0.000000
1.948109 3.073067 0.000000
1.925974 3.102429 0.000000
1.898451 3.130547 0.000000
1.872293 3.159643 0.000000
1.849232 3.197135 0.000000
1.824448 3.233538 0.000000
1.796366 3.268931 0.000000
