x y z
1.775656 3.290778 0.000000
1.746909 3.329081 0.000000
1.715273 3.369586 0.000000
1.681587 3.407944 0.000000
1.643150 3.424776 0.000000
1.604063 3.427603 0.000000
1.563091 3.422094 0.000000
1.521961 3.422579 0.000000
1.483000 3.419209 0.000000
1.442930 3.422642 0.000000
1.403130 3.425829 0.000000
1.363349 3.424528 0.000000
1.321765 3.423352 0.000000
1.281268 3.427742 0.000000
1.241859 3.427246 0.000000
1.201439 3.431960 0.000000
1.160138 3.428447 0.000000
1.120536 3.429061 0.000000
1.078350 3.425072 0.000000
1.034622 3.433257 0.000000
0.992446 3.429174 0.000000
0.949390 3.431317 0.000000
0.904489 3.432340 0.000000
0.858286 3.434698 0.000000
0.812766 3.436725 0.000000
0.766894 3.434807 0.000000
0.722375 3.427951 0.000000
0.670408 3.434080 0.000000
0.621528 3.433262 0.000000
0.572509 3.432580 0.000000
0.517627 3.436857 0.000000
0.464016 3.432123 0.000000
0.427361 3.402645 0.000000
0.415062 3.336018 0.000000
0.358945 3.338892 0.000000
0.300041 3.338367 0.000000
0.242387 3.337650 0.000000
0.206678 3.303049 0.000000
0.209416 3.226657 0.000000
0.205721 3.163045 0.000000
0.202296 3.098083 0.000000
0.201319 3.035948 0.000000
0.201968 2.977150 0.000000
0.204212 2.917786 0.000000
0.199451 2.867002 0.000000
0.197159 2.815575 0.000000
0.196700 2.766846 0.000000
0.199898 2.714671 0.000000
0.199262 2.665175 0.000000
0.198312 2.620973 0.000000
0.199614 2.578152 0.000000
0.200020 2.533992 0.000000
0.197536 2.494461 0.000000
0.195026 2.456731 0.000000
0.195703 2.417870 0.000000
0.194713 2.379876 0.000000
0.197466 2.340727 0.000000
0.194293 2.305218 0.000000
0.193760 2.269295 0.000000
0.186274 2.236654 0.000000
0.197145 2.197904 0.000000
0.197233 2.164705 0.000000
0.194300 2.131617 0.000000
0.149172 2.075623 0.000000
0.151428 2.041994 0.000000
0.149455 2.010090 0.000000
0.147020 1.976213 0.000000
0.144489 1.945290 0.000000
0.143817 1.912470 0.000000
0.142692 1.879038 0.000000
0.185186 1.845886 0.000000
0.194255 1.813635 0.000000
0.185119 1.782272 0.000000
0.187718 1.751761 0.000000
0.188509 1.718731 0.000000
0.188244 1.687219 0.000000
0.185705 1.655922 0.000000
0.187868 1.623632 0.000000
0.185875 1.592201 0.000000
0.186956 1.558170 0.000000
0.181661 1.523397 0.000000
0.185033 1.491322 0.000000
0.180155 1.455488 0.000000
0.185257 1.423180 0.000000
0.181610 1.387993 0.000000
0.179428 1.351793 0.000000
0.181246 1.317211 0.000000
0.182214 1.279636 0.000000
0.180038 1.240245 0.000000
0.182366 1.203306 0.000000
0.182162 1.163826 0.000000
0.179106 1.123525 0.000000
0.180616 1.081432 0.000000
0.177932 1.037922 0.000000
0.178318 0.994464 0.000000
0.175112 0.947643 0.000000
0.179104 0.902182 0.000000
0.174208 0.852257 0.000000
0.174983 0.801401 0.000000
0.177592 0.753006 0.000000
0.174839 0.694303 0.000000
0.170919 0.633612 0.000000
0.171945 0.576087 0.000000
0.172746 0.515613 0.000000
0.170940 0.446307 0.000000
0.174310 0.378925 0.000000
0.172364 0.304781 0.000000
0.167586 0.220835 0.000000
0.204713 0.186565 0.000000
0.269667 0.187686 0.000000
0.336448 0.194031 0.000000
0.389227 0.186620 0.000000
0.449160 0.190016 0.000000
0.507801 0.193607 0.000000
0.556357 0.184213 0.000000
0.612827 0.187557 0.000000
0.658944 0.178443 0.000000
0.710585 0.184264 0.000000
0.757134 0.178789 0.000000
0.804308 0.176707 0.000000
0.852386 0.176565 0.000000
0.898228 0.176819 0.000000
0.942083 0.173066 0.000000
0.988256 0.172378 0.000000
1.032507 0.174144 0.000000
1.075031 0.168932 0.000000
1.118757 0.173240 0.000000
1.162342 0.175088 0.000000
1.201630 0.166536 0.000000
1.245243 0.169758 0.000000
1.287157 0.174002 0.000000
1.327428 0.173632 0.000000
1.368601 0.166189 0.000000
1.409777 0.167035 0.000000
1.451309 0.170404 0.000000
1.492432 0.166553 0.000000
1.534043 0.166748 0.000000
1.574812 0.173188 0.000000
1.617129 0.167496 0.000000
1.658403 0.170276 0.000000
1.701770 0.163283 0.000000
1.744371 0.161782 0.000000
1.786046 0.164713 0.000000
1.674522 0.880272 0.000000
1.688007 0.927608 0.000000
1.700289 0.969567 0.000000
1.713784 1.006279 0.000000
1.740054 0.996776 0.000000
1.765263 0.985026 0.000000
1.899096 0.775585 0.000000
1.888787 0.872082 0.000000
1.900308 0.909265 0.000000
1.918253 0.928303 0.000000
2.133707 0.715197 0.000000
2.134617 0.771529 0.000000
2.132376 0.833643 0.000000
2.132602 0.884464 0.000000
2.133160 0.934005 0.000000
2.132330 0.980592 0.000000
2.131805 1.024823 0.000000
2.133077 1.061934 0.000000
2.130197 1.101515 0.000000
2.130137 1.139870 0.000000
2.128750 1.173199 0.000000
2.131358 1.205092 0.000000
2.129544 1.237120 0.000000
2.128976 1.266078 0.000000
2.129475 1.293643 0.000000
1.693281 1.660377 0.000000
1.693048 1.682037 0.000000
1.705342 1.683091 0.000000
2.126633 1.489023 0.000000
2.126780 1.510337 0.000000
2.126508 1.530683 0.000000
2.127540 1.552866 0.000000
2.127042 1.571165 0.000000
2.126401 1.591047 0.000000
2.127695 1.610356 0.000000
2.126072 1.629443 0.000000
2.128089 1.647442 0.000000
2.127769 1.666239 0.000000
2.127878 1.684517 0.000000
2.129306 1.701418 0.000000
2.130726 1.717671 0.000000
2.129872 1.734927 0.000000
2.130822 1.754300 0.000000
2.130284 1.771097 0.000000
2.123094 1.788145 0.000000
2.120238 1.804871 0.000000
2.118722 1.822718 0.000000
2.119258 1.839620 0.000000
2.121136 1.856268 0.000000
2.120464 1.871380 0.000000
2.120061 1.888021 0.000000
2.120126 1.905712 0.000000
2.119697 1.921943 0.000000
2.120529 1.940379 0.000000
2.119371 1.956145 0.000000
2.119340 1.975532 0.000000
2.119113 1.992570 0.000000
2.120039 2.010520 0.000000
2.119782 2.029208 0.000000
2.119382 2.046088 0.000000
2.120490 2.065825 0.000000
2.120073 2.084758 0.000000
2.120511 2.103100 0.000000
2.120523 2.122071 0.000000
2.121784 2.142714 0.000000
2.121537 2.165922 0.000000
2.123826 2.186383 0.000000
2.125990 2.208845 0.000000
2.127851 2.233877 0.000000
2.128621 2.255451 0.000000
2.129307 2.280048 0.000000
2.128922 2.305314 0.000000
2.129661 2.330292 0.000000
2.130693 2.358223 0.000000
2.130321 2.385856 0.000000
2.130476 2.414751 0.000000
2.132947 2.447012 0.000000
2.134597 2.479726 0.000000
2.137786 2.512974 0.000000
2.137821 2.548943 0.000000
2.139730 2.586436 0.000000
2.142577 2.629335 0.000000
2.145647 2.672854 0.000000
2.148948 2.719904 0.000000
2.148981 2.768936 0.000000
2.151685 2.819479 0.000000
2.148342 2.868252 0.000000
2.112254 2.874196 0.000000
2.092071 2.899279 0.000000
2.071884 2.927552 0.000000
2.050238 2.953168 0.000000
2.029555 2.979690 0.000000
2.005151 3.007463 0.000000
1.983953 3.037231 0.000000
1.958524 3.061994 0.000000
1.934516 3.091235 0.000000
1.908940 3.119925 0.000000
1.885310 3.155000 0.000000
1.857481 3.181896 0.000000
1.833648 3.220568 0.000000
1.805508 3.257989 0.000000
