x y z
-3.023988 -3.693206 0.000000
-3.028606 -3.698436 0.000000
-3.035775 -3.707275 0.000000
-3.039701 -3.716006 0.000000
-3.043397 -3.723567 0.000000
-3.046952 -3.729956 0.000000
-3.050214 -3.736404 0.000000
-3.053671 -3.740705 0.000000
-3.058818 -3.737292 0.000000
-3.068157 -3.719576 0.000000
-3.071629 -3.723428 0.000000
-3.074568 -3.730893 0.000000
-3.076994 -3.737790 0.000000
-3.078942 -3.745164 0.000000
-3.081517 -3.750213 0.000000
-3.084781 -3.756231 0.000000
-3.102966 -3.765419 0.000000
-3.105660 -3.768842 0.000000
-3.121275 -3.765552 0.000000
-3.126698 -3.765540 0.000000
-3.131045 -3.767039 0.000000
-3.148841 -3.767557 0.000000
-3.155551 -3.767388 0.000000
-3.193902 -3.757129 0.000000
-3.187892 -3.773778 0.000000
-3.192568 -3.775712 0.000000
-3.195955 -3.779844 0.000000
-3.196773 -3.778419 0.000000
-3.203537 -3.781476 0.000000
-3.754212 -3.560726 0.000000
-3.751151 -3.584024 0.000000
-3.712087 -3.624281 0.000000
-3.718940 -3.639458 0.000000
-3.733263 -3.655077 0.000000
-3.758695 -3.665266 0.000000
-7.457167 -2.544023 0.000000
-3.418540 -3.862502 0.000000
-6.944196 -3.786711 0.000000
-6.979536 -3.880758 0.000000
-6.865857 -3.975062 0.000000
-6.783932 -4.066253 0.000000
-6.776549 -4.157489 0.000000
-6.828553 -4.252958 0.000000
-3.377403 -3.975258 0.000000
-4.568464 -4.178396 0.000000
-3.326395 -3.992976 0.000000
-3.322746 -3.998673 0.000000
-3.316043 -4.005320 0.000000
-3.313386 -4.014119 0.000000
-3.313858 -4.028623 0.000000
-3.313309 -4.036554 0.000000
-3.314557 -4.044938 0.000000
-3.314697 -4.054121 0.000000
-3.315188 -4.063817 0.000000
-3.319588 -4.076351 0.000000
-3.330702 -4.089279 0.000000
-5.526540 -5.451372 0.000000
-5.594656 -5.578663 0.000000
-7.124155 -6.693745 0.000000
-7.068222 -6.801774 0.000000
-3.658045 -4.470131 0.000000
-3.628287 -4.469693 0.000000
-3.595260 -4.470171 0.000000
-3.580455 -4.482999 0.000000
-3.551872 -4.478272 0.000000
-3.535438 -4.488652 0.000000
-3.516561 -4.498195 0.000000
-3.518322 -4.526668 0.000000
-3.499510 -4.534598 0.000000
-3.485210 -4.548219 0.000000
-3.473782 -4.563509 0.000000
-3.465135 -4.583060 0.000000
-3.455127 -4.604774 0.000000
-3.443542 -4.625113 0.000000
-3.436835 -4.649583 0.000000
-3.427240 -4.676318 0.000000
-3.417971 -4.702033 0.000000
-3.427460 -4.767055 0.000000
-3.420736 -4.808240 0.000000
-3.443494 -4.916715 0.000000
-3.952771 -6.527668 0.000000
-3.869822 -6.491721 0.000000
-3.814105 -6.530145 0.000000
-3.863690 -6.943285 0.000000
-3.836042 -7.134110 0.000000
-3.776689 -7.236655 0.000000
-3.738791 -7.451008 0.000000
-4.005162 -9.359482 0.000000
-3.870854 -9.370524 0.000000
-3.698360 -9.099115 0.000000
-3.254015 -8.092532 0.000000
-3.147409 -7.942411 0.000000
-3.045694 -7.605935 0.000000
-2.956931 -7.610586 0.000000
-2.866069 -7.635043 0.000000
-2.777753 -7.630440 0.000000
-2.686803 -7.643577 0.000000
-2.596305 -7.634491 0.000000
-2.504523 -7.634357 0.000000
-2.441791 -7.451314 0.000000
-2.489920 -6.687431 0.000000
-2.486221 -5.696150 0.000000
-2.485164 -5.546362 0.000000
-2.451449 -5.517823 0.000000
-2.430316 -5.456892 0.000000
-2.426799 -5.354509 0.000000
-2.425301 -5.258334 0.000000
-2.427097 -5.167479 0.000000
-2.426888 -5.091575 0.000000
-2.424535 -5.023161 0.000000
-2.425429 -4.961257 0.000000
-2.426089 -4.899825 0.000000
-2.424275 -4.847975 0.000000
-2.424455 -4.796531 0.000000
-2.424646 -4.749371 0.000000
-2.426334 -4.707108 0.000000
-2.425233 -4.665114 0.000000
-2.425276 -4.629257 0.000000
-2.426312 -4.590878 0.000000
-2.426668 -4.559448 0.000000
-2.426459 -4.527828 0.000000
-2.426285 -4.496502 0.000000
-2.427038 -4.468925 0.000000
-2.426789 -4.440283 0.000000
-2.428160 -4.413798 0.000000
-2.427878 -4.390070 0.000000
-2.428463 -4.366310 0.000000
-2.427713 -4.341230 0.000000
-2.428237 -4.320029 0.000000
-2.427443 -4.300176 0.000000
-2.427054 -4.280198 0.000000
-2.427951 -4.259602 0.000000
-2.427617 -4.239496 0.000000
-2.425301 -4.221605 0.000000
-2.424949 -4.203898 0.000000
-2.426085 -4.185504 0.000000
-2.425988 -4.166399 0.000000
-2.425674 -4.150814 0.000000
-2.424673 -4.133181 0.000000
-2.424552 -4.118976 0.000000
-2.425536 -4.101587 0.000000
-2.424334 -4.085007 0.000000
-2.425630 -4.069333 0.000000
-2.425022 -4.054897 0.000000
-2.425461 -4.037836 0.000000
-2.424510 -4.023095 0.000000
-2.424469 -4.010118 0.000000
-2.424811 -3.994378 0.000000
-2.424118 -3.979217 0.000000
-2.424866 -3.964631 0.000000
-2.424304 -3.951367 0.000000
-2.424237 -3.936964 0.000000
-2.423745 -3.921306 0.000000
-2.422654 -3.907897 0.000000
-2.424365 -3.894511 0.000000
-2.422940 -3.879896 0.000000
-2.422961 -3.864145 0.000000
-2.423583 -3.849046 0.000000
-2.423411 -3.835275 0.000000
-2.422669 -3.820667 0.000000
-2.422611 -3.807038 0.000000
-2.421310 -3.792212 0.000000
-2.421321 -3.777646 0.000000
-2.421488 -3.762794 0.000000
-2.421017 -3.747774 0.000000
-2.420941 -3.730001 0.000000
-2.420295 -3.716236 0.000000
-2.420813 -3.698466 0.000000
-2.418854 -3.683530 0.000000
-2.419749 -3.665633 0.000000
-2.418676 -3.650211 0.000000
-2.418068 -3.632689 0.000000
-2.418731 -3.614559 0.000000
-2.417406 -3.597872 0.000000
-2.418768 -3.577977 0.000000
-2.416484 -3.557818 0.000000
-2.416443 -3.539504 0.000000
-2.416191 -3.520768 0.000000
-2.416095 -3.497977 0.000000
-2.416028 -3.475116 0.000000
-2.414223 -3.454471 0.000000
-2.415368 -3.431418 0.000000
-2.415899 -3.406697 0.000000
-2.414256 -3.382514 0.000000
-2.413093 -3.355023 0.000000
-2.414514 -3.328399 0.000000
-2.412378 -3.298939 0.000000
-2.412666 -3.269500 0.000000
-2.410247 -3.237752 0.000000
-2.408825 -3.202728 0.000000
-2.409355 -3.166764 0.000000
-2.406911 -3.130020 0.000000
-2.405997 -3.089868 0.000000
-2.405813 -3.047089 0.000000
-2.404974 -3.000315 0.000000
-2.404451 -2.952258 0.000000
-2.402083 -2.897505 0.000000
-2.400909 -2.836974 0.000000
-2.398541 -2.772465 0.000000
-2.398420 -2.708079 0.000000
-2.398439 -2.631828 0.000000
-2.398714 -2.551918 0.000000
-2.394361 -2.455765 0.000000
-2.875129 -3.502663 0.000000
-2.896360 -3.529097 0.000000
-2.907990 -3.539424 0.000000
-2.928832 -3.567171 0.000000
-2.956206 -3.628809 0.000000
-2.966966 -3.640198 0.000000
-2.976248 -3.646516 0.000000
-2.988231 -3.651780 0.000000
-2.994152 -3.658492 0.000000
-3.004163 -3.676349 0.000000
-3.011859 -3.688092 0.000000
-3.014257 -3.692312 0.000000
-3.022438 -3.695405 0.000000
