x y z
-2.767725 -3.897505 0.000000
-2.766344 -3.891080 0.000000
-2.765814 -3.886186 0.000000
-2.765444 -3.881333 0.000000
-2.765030 -3.876673 0.000000
-2.764151 -3.872488 0.000000
-2.763604 -3.868177 0.000000
-2.762953 -3.863993 0.000000
-2.731227 -3.860042 0.000000
-2.732280 -3.854698 0.000000
-2.732613 -3.849939 0.000000
-2.732810 -3.845243 0.000000
-2.734073 -3.840244 0.000000
-2.726446 -3.820764 0.000000
-2.701956 -3.807480 0.000000
-2.432618 -3.805242 0.000000
-2.431098 -3.793384 0.000000
-2.424145 -3.783427 0.000000
-0.671613 -3.629904 0.000000
-0.590320 -3.570041 0.000000
-0.516445 -3.506291 0.000000
-0.426359 -3.435743 0.000000
-2.160040 -3.622644 0.000000
-2.239624 -3.618825 0.000000
-2.265149 -3.609833 0.000000
-2.278123 -3.596942 0.000000
-2.285895 -3.583567 0.000000
-2.515814 -3.634008 0.000000
-2.536547 -3.630559 0.000000
-2.559211 -3.629695 0.000000
-2.582470 -3.627641 0.000000
-2.584352 -3.621570 0.000000
-2.580638 -3.591464 0.000000
-2.587506 -3.585963 0.000000
-2.587732 -3.575891 0.000000
-2.265552 -3.330130 0.000000
-2.265339 -3.283270 0.000000
-2.274051 -3.266069 0.000000
-2.292934 -3.231263 0.000000
-2.300981 -3.213781 0.000000
-2.318571 -3.202876 0.000000
-2.355854 -3.210154 0.000000
-2.385486 -3.216074 0.000000
-2.406007 -3.211926 0.000000
-2.424343 -3.202707 0.000000
-2.483887 -3.247948 0.000000
-2.779923 -3.590689 0.000000
-2.508964 -3.228174 0.000000
-2.518917 -3.211979 0.000000
-2.519990 -3.187719 0.000000
-2.510011 -3.139786 0.000000
-2.786205 -3.549428 0.000000
-2.790216 -3.546177 0.000000
-2.797183 -3.547746 0.000000
-2.805403 -3.544667 0.000000
-2.820774 -3.527775 0.000000
-2.821575 -3.523888 0.000000
-2.828296 -3.516593 0.000000
-2.832310 -3.509161 0.000000
-2.835224 -3.506951 0.000000
-2.787590 -2.852553 0.000000
-2.812511 -2.878842 0.000000
-2.838311 -2.927678 0.000000
-2.863629 -2.972371 0.000000
-2.882521 -2.956580 0.000000
-2.902127 -2.974239 0.000000
-2.919300 -2.987556 0.000000
-2.939015 -2.998645 0.000000
-2.958448 -3.004220 0.000000
-2.976997 -3.008198 0.000000
-2.996315 -3.002152 0.000000
-3.014230 -2.995064 0.000000
-3.036677 -2.987348 0.000000
-3.056443 -2.974537 0.000000
-3.080921 -2.960572 0.000000
-3.103239 -2.943764 0.000000
-3.127441 -2.929913 0.000000
-3.153225 -2.922473 0.000000
-3.185515 -2.887776 0.000000
-3.882255 -1.219091 0.000000
-3.948960 -1.231994 0.000000
-3.981777 -1.326797 0.000000
-4.136654 -1.140001 0.000000
-4.362632 -0.840319 0.000000
-4.462213 -0.818702 0.000000
-4.646303 -0.650500 0.000000
-5.725475 1.032261 0.000000
-5.676995 0.700249 0.000000
-5.283830 -0.329781 0.000000
-5.387464 -0.523652 0.000000
-5.540841 -0.489880 0.000000
-5.319442 -0.912232 0.000000
-5.393342 -0.964662 0.000000
-5.454192 -1.031800 0.000000
-5.531467 -1.083069 0.000000
-5.610972 -1.131899 0.000000
-5.687700 -1.180546 0.000000
-5.570261 -1.407040 0.000000
-5.452288 -1.621410 0.000000
-5.042183 -2.059795 0.000000
-4.525643 -2.604769 0.000000
-4.608105 -2.606030 0.000000
-4.512000 -2.730451 0.000000
-4.426191 -2.840394 0.000000
-4.421276 -2.893617 0.000000
-4.354492 -3.025518 0.000000
-4.290205 -3.102015 0.000000
-4.238087 -3.167996 0.000000
-4.193638 -3.227099 0.000000
-4.151250 -3.281137 0.000000
-4.110421 -3.331121 0.000000
-4.077054 -3.375346 0.000000
-4.040926 -3.420877 0.000000
-4.009229 -3.460562 0.000000
-3.979686 -3.497588 0.000000
-3.949992 -3.532740 0.000000
-3.923582 -3.566235 0.000000
-3.900648 -3.596287 0.000000
-3.874738 -3.625980 0.000000
-3.854512 -3.652089 0.000000
-3.833805 -3.678952 0.000000
-3.813095 -3.704372 0.000000
-3.793848 -3.726603 0.000000
-3.773149 -3.750101 0.000000
-3.754353 -3.772964 0.000000
-3.738244 -3.793747 0.000000
-3.721439 -3.812600 0.000000
-3.706366 -3.832373 0.000000
-3.691693 -3.850178 0.000000
-3.678679 -3.869285 0.000000
-3.664738 -3.885782 0.000000
-3.652833 -3.904187 0.000000
-3.638390 -3.919755 0.000000
-3.625698 -3.937030 0.000000
-3.613291 -3.953079 0.000000
-3.603421 -3.967526 0.000000
-3.589666 -3.983242 0.000000
-3.579983 -3.996917 0.000000
-3.566851 -4.011832 0.000000
-3.555919 -4.025931 0.000000
-3.544183 -4.040255 0.000000
-3.535651 -4.053596 0.000000
-3.523422 -4.066364 0.000000
-3.511523 -4.079814 0.000000
-3.501393 -4.094334 0.000000
-3.492356 -4.105934 0.000000
-3.481154 -4.120649 0.000000
-3.471722 -4.133933 0.000000
-3.462182 -4.146208 0.000000
-3.450730 -4.157992 0.000000
-3.440439 -4.171348 0.000000
-3.429915 -4.184722 0.000000
-3.420286 -4.196687 0.000000
-3.412425 -4.209885 0.000000
-3.403104 -4.221953 0.000000
-3.391572 -4.236291 0.000000
-3.381404 -4.249224 0.000000
-3.371951 -4.259843 0.000000
-3.362161 -4.273123 0.000000
-3.351063 -4.285713 0.000000
-3.341289 -4.298278 0.000000
-3.331303 -4.313784 0.000000
-3.320637 -4.326724 0.000000
-3.311108 -4.339898 0.000000
-3.299660 -4.353391 0.000000
-3.291113 -4.367449 0.000000
-3.279459 -4.380448 0.000000
-3.267565 -4.395758 0.000000
-3.256785 -4.409334 0.000000
-3.245428 -4.427081 0.000000
-3.233055 -4.439497 0.000000
-3.223055 -4.456459 0.000000
-3.208977 -4.472136 0.000000
-3.196335 -4.486946 0.000000
-3.184787 -4.503856 0.000000
-3.171364 -4.522135 0.000000
-3.155952 -4.538505 0.000000
-3.143076 -4.558013 0.000000
-3.130102 -4.577129 0.000000
-3.113858 -4.595433 0.000000
-3.099897 -4.616021 0.000000
-3.082727 -4.637676 0.000000
-3.064365 -4.659030 0.000000
-3.046769 -4.682748 0.000000
-3.029077 -4.707244 0.000000
-3.010317 -4.733410 0.000000
-2.991775 -4.759312 0.000000
-2.969851 -4.787275 0.000000
-2.947622 -4.817691 0.000000
-2.925143 -4.846573 0.000000
-2.900214 -4.877709 0.000000
-2.873377 -4.915990 0.000000
-2.846050 -4.952649 0.000000
-2.814492 -4.992224 0.000000
-2.782287 -5.035320 0.000000
-2.748284 -5.078585 0.000000
-2.827889 -4.140331 0.000000
-2.820120 -4.129318 0.000000
-2.815726 -4.107781 0.000000
-2.810447 -4.094803 0.000000
-2.802501 -4.088101 0.000000
-2.796826 -4.080277 0.000000
-2.804305 -3.999896 0.000000
-2.802277 -3.987854 0.000000
-2.800205 -3.979453 0.000000
-2.802579 -3.974492 0.000000
-2.795677 -3.965377 0.000000
-2.793215 -3.959438 0.000000
-2.791236 -3.953062 0.000000
-2.789100 -3.947330 0.000000
-2.788503 -3.943375 0.000000
-2.784993 -3.936455 0.000000
-2.783034 -3.931334 0.000000
-2.780948 -3.926605 0.000000
-2.778865 -3.922059 0.000000
-2.775628 -3.919014 0.000000
-2.774815 -3.913299 0.000000
-2.770839 -3.911325 0.000000
-2.768932 -3.907039 0.000000
-2.768060 -3.901873 0.000000
