x y z
1.681725 2.097846 0.000000
1.669207 2.098222 0.000000
1.654881 2.097289 0.000000
1.644012 2.098253 0.000000
1.631649 2.098466 0.000000
1.618749 2.098011 0.000000
1.605700 2.097701 0.000000
1.595200 2.097969 0.000000
1.581840 2.098786 0.000000
1.569250 2.098727 0.000000
1.556324 2.099574 0.000000
1.541082 2.098221 0.000000
1.529276 2.098844 0.000000
1.513903 2.097740 0.000000
1.501093 2.098446 0.000000
1.486610 2.098642 0.000000
1.471252 2.098886 0.000000
1.456551 2.099386 0.000000
1.441594 2.100267 0.000000
1.424596 2.099891 0.000000
1.408899 2.099595 0.000000
1.392070 2.101176 0.000000
1.372512 2.103234 0.000000
1.353986 2.105914 0.000000
1.333756 2.105645 0.000000
1.315096 2.105479 0.000000
1.295158 2.107074 0.000000
1.273631 2.106502 0.000000
1.251763 2.106085 0.000000
1.231306 2.105115 0.000000
1.206082 2.106289 0.000000
1.181263 2.105853 0.000000
1.154133 2.105208 0.000000
1.125213 2.106399 0.000000
1.095605 2.106483 0.000000
1.064138 2.106312 0.000000
1.029767 2.109045 0.000000
0.990317 2.110794 0.000000
0.950157 2.112838 0.000000
0.906776 2.115011 0.000000
0.855894 2.118320 0.000000
0.807524 2.118381 0.000000
0.729221 2.131294 0.000000
0.667930 2.132802 0.000000
0.598903 2.134719 0.000000
0.519569 2.137146 0.000000
0.435465 2.139353 0.000000
0.336937 2.141967 0.000000
0.219609 2.144784 0.000000
0.163421 2.123548 0.000000
0.156987 2.081614 0.000000
0.163964 2.037232 0.000000
0.159977 1.998331 0.000000
0.158775 1.957291 0.000000
0.153415 1.918351 0.000000
0.159083 1.875880 0.000000
0.154570 1.837714 0.000000
0.157485 1.796973 0.000000
0.155973 1.759624 0.000000
0.152617 1.719070 0.000000
0.153923 1.680852 0.000000
0.158159 1.642719 0.000000
0.157322 1.604389 0.000000
0.151940 1.565455 0.000000
0.160037 1.526490 0.000000
0.151236 1.488650 0.000000
0.152194 1.449944 0.000000
0.154412 1.410817 0.000000
0.143949 1.370059 0.000000
0.146674 1.329049 0.000000
0.146689 1.289035 0.000000
0.151479 1.249264 0.000000
0.143384 1.207349 0.000000
0.145072 1.166349 0.000000
0.141007 1.123558 0.000000
0.141615 1.080053 0.000000
0.140523 1.036196 0.000000
0.140137 0.993261 0.000000
0.138861 0.947106 0.000000
0.140247 0.900594 0.000000
0.138943 0.852331 0.000000
0.132842 0.801485 0.000000
0.139730 0.756085 0.000000
0.134750 0.701304 0.000000
0.130656 0.648170 0.000000
0.134645 0.595405 0.000000
0.135399 0.541451 0.000000
0.132955 0.482185 0.000000
0.137165 0.426344 0.000000
0.204401 0.415537 0.000000
0.229643 0.373592 0.000000
0.229175 0.310860 0.000000
0.222409 0.239628 0.000000
0.249147 0.194700 0.000000
0.316635 0.192480 0.000000
0.384594 0.190133 0.000000
0.448295 0.190371 0.000000
0.509424 0.188431 0.000000
0.570935 0.190007 0.000000
0.627172 0.188005 0.000000
0.680953 0.184601 0.000000
0.735045 0.184230 0.000000
0.785942 0.184339 0.000000
0.833721 0.181159 0.000000
0.880560 0.179473 0.000000
0.929321 0.180753 0.000000
0.974526 0.181723 0.000000
1.019229 0.180127 0.000000
1.060638 0.178721 0.000000
1.104540 0.177523 0.000000
1.144970 0.176710 0.000000
1.187115 0.176514 0.000000
1.226351 0.175227 0.000000
1.266021 0.175825 0.000000
1.303872 0.170903 0.000000
1.344090 0.176164 0.000000
1.380143 0.172340 0.000000
1.418056 0.172596 0.000000
1.406027 -0.070945 0.000000
1.484122 0.126632 0.000000
1.522468 0.126095 0.000000
1.559045 0.126471 0.000000
1.596425 0.119389 0.000000
1.632966 0.122580 0.000000
1.669034 0.119417 0.000000
1.706557 0.132118 0.000000
1.744254 0.166522 0.000000
1.779584 0.160053 0.000000
1.814832 0.166702 0.000000
1.850828 0.162753 0.000000
1.887155 0.162482 0.000000
1.924344 0.157679 0.000000
1.960138 0.159377 0.000000
1.998191 0.156784 0.000000
2.033931 0.159491 0.000000
2.073110 0.155931 0.000000
2.110685 0.154451 0.000000
2.151583 0.150935 0.000000
2.188947 0.156743 0.000000
2.231626 0.150811 0.000000
2.271573 0.148870 0.000000
2.313281 0.148033 0.000000
2.358253 0.143907 0.000000
2.400828 0.143330 0.000000
2.445216 0.144107 0.000000
2.492257 0.140895 0.000000
2.539469 0.141753 0.000000
2.588207 0.139482 0.000000
2.635943 0.141272 0.000000
2.690524 0.137382 0.000000
2.740950 0.139822 0.000000
2.796438 0.136701 0.000000
2.854370 0.134842 0.000000
2.910740 0.136964 0.000000
2.972676 0.136698 0.000000
3.035539 0.136781 0.000000
3.107440 0.129388 0.000000
3.177084 0.130446 0.000000
3.249532 0.132924 0.000000
3.332771 0.126493 0.000000
3.376965 0.159286 0.000000
3.378835 0.227301 0.000000
3.376466 0.299746 0.000000
3.376559 0.366640 0.000000
3.381850 0.425978 0.000000
3.383889 0.485047 0.000000
3.385338 0.544584 0.000000
3.387240 0.600157 0.000000
3.391338 0.652938 0.000000
3.392374 0.707286 0.000000
3.387514 0.763226 0.000000
3.395830 0.810120 0.000000
3.391371 0.863686 0.000000
3.396448 0.910786 0.000000
3.394809 0.960303 0.000000
3.398482 1.005843 0.000000
3.397699 1.051736 0.000000
3.404517 1.097043 0.000000
3.402863 1.142361 0.000000
3.401935 1.187778 0.000000
3.408024 1.229555 0.000000
3.407868 1.273377 0.000000
3.402554 1.318601 0.000000
2.794404 1.459866 0.000000
2.782112 1.488082 0.000000
2.793822 1.514269 0.000000
3.402857 1.570660 0.000000
3.405560 1.612444 0.000000
3.410974 1.654438 0.000000
3.410844 1.696471 0.000000
3.411019 1.737237 0.000000
2.558599 1.707894 0.000000
2.536753 1.726644 0.000000
2.533579 1.745512 0.000000
2.536921 1.766545 0.000000
2.549097 1.790567 0.000000
2.581358 1.817636 0.000000
2.624368 1.851388 0.000000
3.154019 2.090960 0.000000
3.050276 2.095272 0.000000
2.956954 2.096737 0.000000
2.873355 2.099094 0.000000
2.795909 2.101298 0.000000
2.726783 2.099613 0.000000
2.663470 2.099781 0.000000
2.608531 2.101221 0.000000
2.557453 2.102974 0.000000
2.511869 2.103916 0.000000
2.467152 2.102793 0.000000
2.428080 2.102968 0.000000
2.390829 2.103900 0.000000
2.357021 2.103865 0.000000
2.326547 2.104836 0.000000
2.295700 2.105074 0.000000
2.267212 2.106370 0.000000
2.240018 2.106607 0.000000
2.213697 2.107388 0.000000
2.189973 2.108433 0.000000
2.166830 2.108662 0.000000
2.143330 2.108929 0.000000
2.122220 2.109200 0.000000
2.103343 2.108477 0.000000
2.082807 2.108552 0.000000
2.062852 2.109805 0.000000
2.045704 2.109255 0.000000
2.028745 2.109667 0.000000
2.010193 2.110585 0.000000
1.994596 2.108782 0.000000
1.978401 2.108938 0.000000
1.962652 2.109854 0.000000
1.946452 2.110831 0.000000
1.930187 2.110839 0.000000
1.916322 2.110809 0.000000
1.901724 2.112312 0.000000
1.887497 2.112502 0.000000
1.874229 2.113604 0.000000
1.861623 2.115485 0.000000
1.846897 2.114495 0.000000
1.835217 2.114991 0.000000
1.822662 2.115661 0.000000
1.807346 2.115498 0.000000
1.792792 2.101386 0.000000
1.780193 2.097809 0.000000
1.766938 2.097264 0.000000
1.754561 2.098309 0.000000
1.743302 2.097734 0.000000
1.731072 2.098926 0.000000
1.720264 2.097810 0.000000
1.705886 2.097869 0.000000
1.696004 2.098243 0.000000
