x y z
-3.481934 -3.876167 0.000000
-3.479270 -3.872079 0.000000
-3.477666 -3.867584 0.000000
-3.474816 -3.863645 0.000000
-3.474578 -3.858479 0.000000
-3.471531 -3.854660 0.000000
-3.471445 -3.849201 0.000000
-3.468417 -3.845376 0.000000
-3.465519 -3.841510 0.000000
-3.462326 -3.837860 0.000000
-3.461013 -3.835862 0.000000
-3.456931 -3.829965 0.000000
-3.455290 -3.825212 0.000000
-3.453121 -3.820783 0.000000
-3.452346 -3.817434 0.000000
-3.453141 -3.812918 0.000000
-3.453935 -3.805431 0.000000
-3.449041 -3.797932 0.000000
-3.449303 -3.790371 0.000000
-3.452288 -3.787697 0.000000
-3.448645 -3.781426 0.000000
-3.447865 -3.774632 0.000000
-3.450259 -3.747992 0.000000
-3.450670 -3.738860 0.000000
-3.450741 -3.733005 0.000000
-3.455029 -3.689193 0.000000
-3.454491 -3.683874 0.000000
-3.450464 -3.676268 0.000000
-3.452659 -3.625356 0.000000
-3.452024 -3.613675 0.000000
-3.448569 -3.598908 0.000000
-3.442462 -3.587611 0.000000
-3.437310 -3.577757 0.000000
-3.431527 -3.565472 0.000000
-3.486075 -3.326009 0.000000
-3.484839 -3.279237 0.000000
-3.465899 -3.286012 0.000000
-3.566304 -2.861156 0.000000
-3.543636 -2.842414 0.000000
-3.399605 -3.289041 0.000000
-3.383910 -3.280433 0.000000
-3.367677 -3.277213 0.000000
-3.351110 -3.277130 0.000000
-3.309591 -3.522791 0.000000
-3.299560 -3.542069 0.000000
-3.288349 -3.562606 0.000000
-3.277938 -3.556926 0.000000
-3.270998 -3.540514 0.000000
-3.260267 -3.545060 0.000000
-3.251721 -3.542627 0.000000
-3.241188 -3.530283 0.000000
-3.232921 -3.643374 0.000000
-3.111432 -2.841215 0.000000
-3.084960 -2.842635 0.000000
-3.057341 -2.843907 0.000000
-3.026458 -2.829929 0.000000
-3.002342 -2.844028 0.000000
-2.973297 -2.843299 0.000000
-2.942154 -2.840527 0.000000
-2.958282 -2.980886 0.000000
-2.931428 -2.979186 0.000000
-2.819353 -3.030530 0.000000
-2.807281 -3.062806 0.000000
-2.742471 -2.990894 0.000000
-3.144059 -3.743378 0.000000
-3.138196 -3.752361 0.000000
-3.136457 -3.753782 0.000000
-3.133115 -3.756258 0.000000
-3.125059 -3.758007 0.000000
-3.111051 -3.764490 0.000000
-3.104699 -3.765662 0.000000
-3.101544 -3.761362 0.000000
-3.091702 -3.762406 0.000000
-3.083345 -3.769356 0.000000
-3.074537 -3.763526 0.000000
-3.060950 -3.760839 0.000000
-2.614568 -3.448444 0.000000
-2.596792 -3.460447 0.000000
-2.593631 -3.484746 0.000000
-2.565601 -3.489070 0.000000
-2.543905 -3.499661 0.000000
-2.526414 -3.514437 0.000000
-2.514403 -3.531197 0.000000
-2.501303 -3.547281 0.000000
-2.480810 -3.562532 0.000000
-2.456465 -3.574292 0.000000
-2.424263 -3.585319 0.000000
-2.382075 -3.590396 0.000000
-0.295165 -3.349686 0.000000
-0.305604 -3.426004 0.000000
-0.488475 -3.529298 0.000000
-0.508150 -3.599579 0.000000
-0.521875 -3.670210 0.000000
-0.561782 -3.738785 0.000000
-0.491219 -3.800229 0.000000
0.029645 -3.848480 0.000000
0.113533 -3.927844 0.000000
0.340974 -4.012890 0.000000
2.252734 -4.166017 0.000000
1.953365 -4.281895 0.000000
0.876206 -4.420585 0.000000
0.730203 -4.600912 0.000000
0.713336 -4.697316 0.000000
0.403452 -4.733674 0.000000
0.354302 -4.814197 0.000000
0.325619 -4.901840 0.000000
0.329626 -5.089352 0.000000
0.267326 -5.164437 0.000000
-0.289117 -5.140982 0.000000
-0.726629 -5.043319 0.000000
-1.623205 -4.766937 0.000000
-1.601104 -4.878788 0.000000
-1.735646 -4.857577 0.000000
-1.796260 -4.871108 0.000000
-1.833083 -4.897004 0.000000
-1.937773 -4.878199 0.000000
-2.030627 -4.861959 0.000000
-2.117349 -4.844542 0.000000
-2.194109 -4.829075 0.000000
-2.257442 -4.821472 0.000000
-2.319556 -4.811889 0.000000
-2.379264 -4.799525 0.000000
-2.434100 -4.790688 0.000000
-2.486240 -4.780839 0.000000
-2.533307 -4.769638 0.000000
-2.578705 -4.762432 0.000000
-2.619345 -4.754458 0.000000
-2.656310 -4.748168 0.000000
-2.695481 -4.739020 0.000000
-2.730640 -4.733253 0.000000
-2.765252 -4.726018 0.000000
-2.793991 -4.722270 0.000000
-2.825396 -4.714843 0.000000
-2.853741 -4.709017 0.000000
-2.883467 -4.700208 0.000000
-2.910504 -4.697260 0.000000
-2.934772 -4.691470 0.000000
-2.957820 -4.689298 0.000000
-2.981232 -4.684842 0.000000
-3.005369 -4.681491 0.000000
-3.025719 -4.676146 0.000000
-3.047662 -4.672264 0.000000
-3.069063 -4.669002 0.000000
-3.088213 -4.666657 0.000000
-3.109838 -4.661421 0.000000
-3.129333 -4.660290 0.000000
-3.147994 -4.655945 0.000000
-3.166366 -4.652140 0.000000
-3.185657 -4.647799 0.000000
-3.203142 -4.645516 0.000000
-3.220400 -4.643297 0.000000
-3.237141 -4.640374 0.000000
-3.254253 -4.637335 0.000000
-3.271602 -4.632641 0.000000
-3.286412 -4.631489 0.000000
-3.304855 -4.627476 0.000000
-3.320585 -4.625570 0.000000
-3.335633 -4.622586 0.000000
-3.353086 -4.618555 0.000000
-3.368963 -4.616495 0.000000
-3.385206 -4.614506 0.000000
-3.400631 -4.611993 0.000000
-3.417658 -4.608054 0.000000
-3.431475 -4.605092 0.000000
-3.447753 -4.603823 0.000000
-3.465815 -4.600143 0.000000
-3.480324 -4.599302 0.000000
-3.495661 -4.595020 0.000000
-3.513230 -4.590911 0.000000
-3.528960 -4.589099 0.000000
-3.546182 -4.584990 0.000000
-3.561386 -4.584496 0.000000
-3.579086 -4.580657 0.000000
-3.595324 -4.577292 0.000000
-3.613035 -4.573887 0.000000
-3.630291 -4.572795 0.000000
-3.647891 -4.569673 0.000000
-3.665063 -4.566053 0.000000
-3.683791 -4.563662 0.000000
-3.703025 -4.561353 0.000000
-3.721530 -4.559056 0.000000
-3.741293 -4.552599 0.000000
-3.760819 -4.551042 0.000000
-3.781971 -4.547398 0.000000
-3.801912 -4.545169 0.000000
-3.825233 -4.540135 0.000000
-3.846909 -4.537271 0.000000
-3.869518 -4.532948 0.000000
-3.891415 -4.528355 0.000000
-3.916866 -4.526308 0.000000
-3.943407 -4.521656 0.000000
-3.968622 -4.517001 0.000000
-3.995862 -4.512711 0.000000
-4.027806 -4.508104 0.000000
-4.057938 -4.504576 0.000000
-4.086877 -4.498038 0.000000
-4.121570 -4.493231 0.000000
-4.157219 -4.489175 0.000000
-3.615078 -4.117836 0.000000
-3.589107 -4.090141 0.000000
-3.585088 -4.079362 0.000000
-3.582373 -4.071348 0.000000
-3.556414 -4.049109 0.000000
-3.548988 -4.038354 0.000000
-3.548059 -4.030364 0.000000
-3.526458 -4.010360 0.000000
-3.521778 -4.006608 0.000000
-3.519602 -3.999909 0.000000
-3.518466 -3.994769 0.000000
-3.519107 -3.981880 0.000000
-3.518533 -3.977243 0.000000
-3.518742 -3.971574 0.000000
-3.519284 -3.966202 0.000000
-3.520436 -3.964448 0.000000
-3.520290 -3.959316 0.000000
-3.520887 -3.949980 0.000000
-3.521387 -3.949988 0.000000
-3.517803 -3.939180 0.000000
-3.507584 -3.934399 0.000000
-3.499353 -3.931113 0.000000
-3.498060 -3.925074 0.000000
-3.498980 -3.920020 0.000000
-3.498035 -3.915119 0.000000
-3.502889 -3.909250 0.000000
-3.499724 -3.904669 0.000000
-3.501347 -3.899159 0.000000
-3.494570 -3.895587 0.000000
-3.490648 -3.891558 0.000000
-3.488115 -3.887354 0.000000
-3.485933 -3.882977 0.000000
-3.482693 -3.878958 0.000000
