x y z
-2.409153 -3.726170 0.000000
-2.411500 -3.720889 0.000000
-2.412769 -3.710870 0.000000
-2.381951 -3.680735 0.000000
-2.385488 -3.670697 0.000000
-2.387065 -3.664746 0.000000
-2.389226 -3.658017 0.000000
-2.392561 -3.648271 0.000000
-2.414857 -3.649406 0.000000
-2.424443 -3.646199 0.000000
-2.425697 -3.641529 0.000000
-2.419629 -3.628042 0.000000
-2.420032 -3.616748 0.000000
-2.423429 -3.611539 0.000000
-2.417032 -3.596825 0.000000
-2.419420 -3.586444 0.000000
-2.422805 -3.577885 0.000000
-2.427042 -3.570522 0.000000
-2.428236 -3.562486 0.000000
-2.420745 -3.517858 0.000000
-2.414196 -3.494250 0.000000
-2.431872 -3.497124 0.000000
-2.442038 -3.495949 0.000000
-2.448786 -3.485870 0.000000
-2.448822 -3.470041 0.000000
-2.450068 -3.455140 0.000000
-2.460967 -3.450464 0.000000
-2.464745 -3.440053 0.000000
-2.466122 -3.371964 0.000000
-2.465647 -3.348053 0.000000
-1.839129 -1.715166 0.000000
-2.298826 -2.764872 0.000000
-2.343027 -2.810798 0.000000
-2.392252 -2.879456 0.000000
-2.416091 -2.876523 0.000000
-2.462214 -2.954944 0.000000
-2.484199 -2.954447 0.000000
-2.510451 -2.963075 0.000000
-2.531687 -2.683403 0.000000
-2.559430 -2.682494 0.000000
-2.586495 -2.670019 0.000000
-2.624117 -2.798356 0.000000
-2.666589 -3.118841 0.000000
-2.681527 -3.113038 0.000000
-2.700034 -3.101900 0.000000
-2.717375 -3.117942 0.000000
-2.734187 -3.089514 0.000000
-3.255107 2.105593 0.000000
-2.875037 -2.606282 0.000000
-2.754537 -3.530301 0.000000
-2.855526 -3.122350 0.000000
-2.868293 -3.209281 0.000000
-2.866359 -3.273854 0.000000
-2.874214 -3.296298 0.000000
-2.884993 -3.303117 0.000000
-2.896981 -3.310750 0.000000
-2.915790 -3.302370 0.000000
-2.917462 -3.333828 0.000000
-2.802936 -3.639091 0.000000
-2.936793 -3.383848 0.000000
-2.952886 -3.377755 0.000000
-2.968900 -3.376618 0.000000
-2.838958 -3.633933 0.000000
-2.840721 -3.632474 0.000000
-2.842534 -3.638968 0.000000
-2.847806 -3.645089 0.000000
-2.867202 -3.647806 0.000000
-2.876191 -3.651704 0.000000
-2.883414 -3.650478 0.000000
-2.890090 -3.652984 0.000000
-2.899633 -3.654917 0.000000
-2.908717 -3.652383 0.000000
-3.087474 -3.539451 0.000000
-3.073972 -3.567166 0.000000
-3.076047 -3.577802 0.000000
-3.076613 -3.591216 0.000000
-3.080436 -3.602877 0.000000
-3.085095 -3.611969 0.000000
-3.041418 -3.649016 0.000000
-3.045715 -3.659240 0.000000
-3.034816 -3.674750 0.000000
-3.033331 -3.686209 0.000000
-3.040190 -3.693607 0.000000
-3.048588 -3.700788 0.000000
-3.053506 -3.706865 0.000000
-3.067839 -3.714389 0.000000
-3.082008 -3.718614 0.000000
-3.102991 -3.722866 0.000000
-5.599304 -3.245567 0.000000
-5.512703 -3.333277 0.000000
-5.456269 -3.411593 0.000000
-5.345185 -3.495721 0.000000
-5.580093 -3.535412 0.000000
-6.059964 -3.563280 0.000000
-5.866937 -3.656174 0.000000
-5.844633 -3.732677 0.000000
-5.993500 -3.806007 0.000000
-6.094564 -3.887361 0.000000
-6.237578 -3.974396 0.000000
-8.223704 -4.175728 0.000000
-7.804557 -4.273229 0.000000
-6.781338 -4.589492 0.000000
-6.649860 -4.665332 0.000000
-6.334467 -4.693157 0.000000
-6.316288 -4.781633 0.000000
-6.297168 -4.870079 0.000000
-6.278829 -4.957998 0.000000
-6.202038 -5.220751 0.000000
-5.433402 -5.079536 0.000000
-5.117182 -5.009081 0.000000
-4.604003 -4.883225 0.000000
-4.427308 -4.844403 0.000000
-4.272131 -4.809256 0.000000
-4.141941 -4.778975 0.000000
-4.133643 -4.825238 0.000000
-4.055401 -4.822247 0.000000
-3.956509 -4.799566 0.000000
-3.866834 -4.778435 0.000000
-3.790305 -4.763002 0.000000
-3.714844 -4.746040 0.000000
-3.655316 -4.736176 0.000000
-3.591056 -4.721740 0.000000
-3.533260 -4.707388 0.000000
-3.483372 -4.697907 0.000000
-3.433393 -4.684820 0.000000
-3.388623 -4.677509 0.000000
-3.344031 -4.665214 0.000000
-3.304181 -4.654731 0.000000
-3.267311 -4.649037 0.000000
-3.231861 -4.639713 0.000000
-3.196130 -4.628979 0.000000
-3.163807 -4.623063 0.000000
-3.134339 -4.617354 0.000000
-3.104081 -4.609727 0.000000
-3.075573 -4.601101 0.000000
-3.048651 -4.596122 0.000000
-3.023178 -4.587387 0.000000
-2.997111 -4.582484 0.000000
-2.972939 -4.577270 0.000000
-2.950704 -4.573448 0.000000
-2.928710 -4.569301 0.000000
-2.908115 -4.564993 0.000000
-2.887585 -4.559171 0.000000
-2.867499 -4.555372 0.000000
-2.847157 -4.550397 0.000000
-2.826816 -4.548007 0.000000
-2.810005 -4.543176 0.000000
-2.789639 -4.540098 0.000000
-2.772012 -4.535864 0.000000
-2.754346 -4.530226 0.000000
-2.736476 -4.526958 0.000000
-2.718787 -4.522739 0.000000
-2.703491 -4.519997 0.000000
-2.685887 -4.516458 0.000000
-2.668296 -4.512221 0.000000
-2.652719 -4.509353 0.000000
-2.635776 -4.506295 0.000000
-2.620852 -4.502472 0.000000
-2.603229 -4.499023 0.000000
-2.587569 -4.495359 0.000000
-2.572158 -4.490591 0.000000
-2.555485 -4.488254 0.000000
-2.539632 -4.485403 0.000000
-2.525312 -4.480716 0.000000
-2.509804 -4.477958 0.000000
-2.492923 -4.473129 0.000000
-2.476915 -4.472281 0.000000
-2.462391 -4.467597 0.000000
-2.445499 -4.467273 0.000000
-2.429623 -4.461575 0.000000
-2.412654 -4.457948 0.000000
-2.395815 -4.455008 0.000000
-2.379412 -4.451556 0.000000
-2.362846 -4.447591 0.000000
-2.348718 -4.443914 0.000000
-2.331104 -4.442250 0.000000
-2.313122 -4.437899 0.000000
-2.295499 -4.435027 0.000000
-2.277599 -4.430920 0.000000
-2.258434 -4.426345 0.000000
-2.240303 -4.423821 0.000000
-2.222147 -4.417365 0.000000
-2.202321 -4.413800 0.000000
-2.183193 -4.411598 0.000000
-2.162042 -4.407489 0.000000
-2.141160 -4.401998 0.000000
-2.120395 -4.398774 0.000000
-2.097903 -4.394335 0.000000
-2.075008 -4.388817 0.000000
-2.050035 -4.385522 0.000000
-2.026041 -4.380395 0.000000
-2.000296 -4.375182 0.000000
-1.973454 -4.368591 0.000000
-1.944872 -4.364659 0.000000
-1.916251 -4.356837 0.000000
-1.887544 -4.351948 0.000000
-1.854190 -4.346409 0.000000
-1.823395 -4.337314 0.000000
-1.784545 -4.333154 0.000000
-1.748216 -4.324689 0.000000
-1.709247 -4.316378 0.000000
-1.667397 -4.308818 0.000000
-1.622279 -4.299954 0.000000
-1.574057 -4.291166 0.000000
-1.523013 -4.281078 0.000000
-1.472802 -4.269241 0.000000
-1.413794 -4.258316 0.000000
-1.350171 -4.244741 0.000000
-1.287443 -4.228901 0.000000
-1.210567 -4.215356 0.000000
-1.132555 -4.198340 0.000000
-1.046631 -4.177800 0.000000
-1.027499 -4.141178 0.000000
-1.070960 -4.092735 0.000000
-1.058082 -4.054661 0.000000
-1.059872 -4.015425 0.000000
-1.848669 -3.890615 0.000000
-1.850478 -3.871929 0.000000
-2.270088 -3.825013 0.000000
-2.336667 -3.813023 0.000000
-2.346328 -3.805957 0.000000
-2.368014 -3.798442 0.000000
-2.378439 -3.792705 0.000000
-2.380122 -3.783934 0.000000
-2.384515 -3.777152 0.000000
-2.395603 -3.770996 0.000000
-2.398196 -3.762690 0.000000
-2.396462 -3.754165 0.000000
-2.392050 -3.746652 0.000000
-2.409513 -3.743314 0.000000
