x y z
-3.149851 -3.674716 0.000000
-3.160035 -3.674075 0.000000
-3.170716 -3.671249 0.000000
-3.181556 -3.665662 0.000000
-3.190961 -3.650007 0.000000
-3.206231 -3.634555 0.000000
-3.216823 -3.628758 0.000000
-3.224938 -3.643519 0.000000
-3.226217 -3.674287 0.000000
-3.267553 -3.642238 0.000000
-3.278105 -3.640649 0.000000
-3.291477 -3.636971 0.000000
-3.305316 -3.631854 0.000000
-3.319921 -3.624576 0.000000
-3.334677 -3.620157 0.000000
-3.346636 -3.622767 0.000000
-3.356555 -3.628851 0.000000
-3.366777 -3.639902 0.000000
-3.374190 -3.650475 0.000000
-3.359982 -3.689911 0.000000
-3.368398 -3.697927 0.000000
-3.381025 -3.701693 0.000000
-3.392954 -3.702705 0.000000
-3.411009 -3.694421 0.000000
-3.274443 -3.899729 0.000000
-3.241814 -3.938201 0.000000
-3.243872 -3.942029 0.000000
-3.249028 -3.943493 0.000000
-3.253746 -3.945816 0.000000
-3.285719 -3.953810 0.000000
-3.291540 -3.956415 0.000000
-3.717149 -3.798306 0.000000
-3.729571 -3.809988 0.000000
-3.885121 -3.808883 0.000000
-3.418539 -4.031888 0.000000
-9.061392 -3.403675 0.000000
-6.970328 -4.107391 0.000000
-6.821350 -4.196452 0.000000
-6.786308 -4.283667 0.000000
-6.750557 -4.371405 0.000000
-6.763502 -4.460245 0.000000
-7.130471 -4.598473 0.000000
-7.202767 -4.708872 0.000000
-3.325208 -4.167777 0.000000
-3.323739 -4.173547 0.000000
-3.320035 -4.173477 0.000000
-3.317733 -4.177877 0.000000
-3.316175 -4.199849 0.000000
-3.316749 -4.206717 0.000000
-3.316899 -4.216001 0.000000
-3.318408 -4.222532 0.000000
-3.318022 -4.229280 0.000000
-3.321464 -4.242866 0.000000
-3.763841 -4.677235 0.000000
-3.770896 -4.712636 0.000000
-6.689934 -8.399419 0.000000
-6.757557 -8.702111 0.000000
-6.058417 -8.016988 0.000000
-5.898590 -7.998937 0.000000
-5.869797 -8.166657 0.000000
-5.861406 -8.372329 0.000000
-4.130834 -6.693688 0.000000
-4.033734 -6.625142 0.000000
-3.979016 -6.671130 0.000000
-3.999136 -6.956862 0.000000
-4.008337 -7.255427 0.000000
-3.886001 -7.103498 0.000000
-3.817088 -7.145201 0.000000
-3.779061 -7.321091 0.000000
-3.732874 -7.515667 0.000000
-3.674375 -7.681989 0.000000
-3.845571 -9.543165 0.000000
-3.679680 -9.279394 0.000000
-3.152620 -8.096163 0.000000
-3.053973 -8.130142 0.000000
-2.965024 -7.824385 0.000000
-2.874520 -7.785645 0.000000
-2.782925 -7.814515 0.000000
-2.429537 -7.727835 0.000000
-2.456225 -6.793988 0.000000
-2.466854 -6.060883 0.000000
-2.469544 -5.890630 0.000000
-2.468283 -5.754199 0.000000
-2.449679 -5.683214 0.000000
-2.415102 -5.654253 0.000000
-2.416061 -5.548277 0.000000
-2.416059 -5.456153 0.000000
-2.415947 -5.370403 0.000000
-2.415578 -5.293877 0.000000
-2.418787 -5.218603 0.000000
-2.414971 -5.160251 0.000000
-2.417463 -5.096010 0.000000
-2.417852 -5.042019 0.000000
-2.418797 -4.987176 0.000000
-2.420829 -4.937771 0.000000
-2.419679 -4.894507 0.000000
-2.421181 -4.851563 0.000000
-2.421572 -4.812758 0.000000
-2.422776 -4.775554 0.000000
-2.423343 -4.738274 0.000000
-2.422663 -4.704840 0.000000
-2.424847 -4.671369 0.000000
-2.425587 -4.641059 0.000000
-2.426772 -4.611983 0.000000
-2.427390 -4.583350 0.000000
-2.430237 -4.555913 0.000000
-2.429906 -4.528780 0.000000
-2.430194 -4.503284 0.000000
-2.430587 -4.480662 0.000000
-2.430370 -4.458587 0.000000
-2.429215 -4.435468 0.000000
-2.429298 -4.413492 0.000000
-2.429195 -4.391734 0.000000
-2.428565 -4.372357 0.000000
-2.428614 -4.352854 0.000000
-2.429201 -4.332889 0.000000
-2.430141 -4.312585 0.000000
-2.429823 -4.294015 0.000000
-2.429048 -4.275088 0.000000
-2.430524 -4.255951 0.000000
-2.429042 -4.239398 0.000000
-2.428742 -4.221903 0.000000
-2.428235 -4.203880 0.000000
-2.430183 -4.186884 0.000000
-2.430059 -4.170323 0.000000
-2.430854 -4.152250 0.000000
-2.429993 -4.135319 0.000000
-2.429172 -4.119564 0.000000
-2.431211 -4.103615 0.000000
-2.431576 -4.086997 0.000000
-2.430358 -4.070677 0.000000
-2.431039 -4.054859 0.000000
-2.429101 -4.038487 0.000000
-2.431036 -4.022716 0.000000
-2.431176 -4.005603 0.000000
-2.431155 -3.989537 0.000000
-2.430979 -3.973757 0.000000
-2.429864 -3.956448 0.000000
-2.429915 -3.940851 0.000000
-2.431056 -3.924014 0.000000
-2.429941 -3.907754 0.000000
-2.430756 -3.889217 0.000000
-2.430438 -3.872939 0.000000
-2.430854 -3.854476 0.000000
-2.430491 -3.838338 0.000000
-2.431795 -3.819867 0.000000
-2.429680 -3.802591 0.000000
-2.429582 -3.783822 0.000000
-2.430076 -3.765369 0.000000
-2.429018 -3.745869 0.000000
-2.428609 -3.727114 0.000000
-2.429194 -3.706119 0.000000
-2.428740 -3.685947 0.000000
-2.429612 -3.665266 0.000000
-2.427967 -3.643797 0.000000
-2.428077 -3.621220 0.000000
-2.428558 -3.598458 0.000000
-2.428263 -3.574983 0.000000
-2.427696 -3.550509 0.000000
-2.427748 -3.524740 0.000000
-2.427072 -3.499845 0.000000
-2.427409 -3.471690 0.000000
-2.427228 -3.444528 0.000000
-2.426583 -3.413028 0.000000
-3.025751 -3.942780 0.000000
-3.032167 -3.911144 0.000000
-3.038848 -3.916166 0.000000
-3.047013 -3.921717 0.000000
-3.052532 -3.929939 0.000000
-3.132345 -3.643171 0.000000
-3.139299 -3.663540 0.000000
