x y z
-3.489387 -3.801791 0.000000
-3.487113 -3.797621 0.000000
-3.484964 -3.793397 0.000000
-3.482714 -3.789226 0.000000
-3.482096 -3.785100 0.000000
-3.477917 -3.781051 0.000000
-3.478721 -3.774865 0.000000
-3.476221 -3.772906 0.000000
-3.471417 -3.768217 0.000000
-3.467207 -3.765481 0.000000
-3.463902 -3.762056 0.000000
-3.460523 -3.758721 0.000000
-3.457448 -3.755146 0.000000
-3.454288 -3.751645 0.000000
-3.451224 -3.748048 0.000000
-3.449413 -3.743387 0.000000
-3.448065 -3.737932 0.000000
-3.446994 -3.731866 0.000000
-3.445194 -3.728290 0.000000
-3.438832 -3.709807 0.000000
-3.434267 -3.713286 0.000000
-3.427836 -3.707611 0.000000
-3.425059 -3.702540 0.000000
-3.450131 -3.622621 0.000000
-3.446918 -3.615873 0.000000
-3.443215 -3.608184 0.000000
-3.439369 -3.544820 0.000000
-3.433024 -3.533193 0.000000
-3.429651 -3.519647 0.000000
-3.426082 -3.506976 0.000000
-3.420115 -3.495574 0.000000
-3.911134 -1.053670 0.000000
-3.867860 -0.911944 0.000000
-3.828673 -0.711922 0.000000
-3.778462 -0.526071 0.000000
-3.726525 -0.282813 0.000000
-3.662827 -0.046745 0.000000
-3.589352 0.253770 0.000000
-3.302132 -3.544157 0.000000
-3.274064 -3.519831 0.000000
-3.268919 -3.535222 0.000000
-3.258832 -3.538577 0.000000
-3.252334 -3.539092 0.000000
-3.240865 -3.530243 0.000000
-3.224931 -3.590094 0.000000
-3.057518 -2.841942 0.000000
-3.033618 -2.851124 0.000000
-3.010719 -2.865333 0.000000
-2.979331 -2.850902 0.000000
-2.954610 -2.859135 0.000000
-2.928020 -2.865799 0.000000
-2.902467 -2.873858 0.000000
-2.872380 -2.870155 0.000000
-2.821750 -2.817422 0.000000
-2.993742 -3.256673 0.000000
-2.986939 -3.285301 0.000000
-2.969204 -3.283390 0.000000
-2.934207 -3.291545 0.000000
-2.911881 -3.284565 0.000000
-2.870427 -3.253189 0.000000
-3.141152 -3.696676 0.000000
-3.145472 -3.698855 0.000000
-3.138636 -3.703061 0.000000
-3.132758 -3.709136 0.000000
-3.126171 -3.711629 0.000000
-3.116473 -3.714096 0.000000
-3.110607 -3.713982 0.000000
-3.101366 -3.717682 0.000000
-3.094530 -3.715838 0.000000
-3.087121 -3.722734 0.000000
-3.075835 -3.719162 0.000000
-3.061917 -3.717309 0.000000
-2.592463 -3.438828 0.000000
-2.575132 -3.450531 0.000000
-2.575806 -3.476481 0.000000
-2.549393 -3.485379 0.000000
-2.521385 -3.492373 0.000000
-2.512088 -3.511628 0.000000
-2.502502 -3.529719 0.000000
-2.487088 -3.546792 0.000000
-2.468965 -3.564026 0.000000
-2.442366 -3.576184 0.000000
-2.412806 -3.589178 0.000000
-2.371670 -3.599830 0.000000
2.622129 -3.140092 0.000000
-0.316040 -3.595044 0.000000
-0.447772 -3.677775 0.000000
-0.530448 -3.752234 0.000000
-0.526580 -3.818176 0.000000
-0.547526 -3.886494 0.000000
-0.512098 -3.952908 0.000000
0.019897 -4.039458 0.000000
0.205579 -4.131764 0.000000
0.320108 -4.227512 0.000000
2.210704 -4.527645 0.000000
0.646455 -4.842806 0.000000
0.625231 -4.938246 0.000000
0.272302 -4.937594 0.000000
0.292367 -5.039172 0.000000
0.255707 -5.121441 0.000000
-0.310335 -5.351047 0.000000
-0.874383 -5.153738 0.000000
-1.367091 -5.025190 0.000000
-1.544881 -4.980633 0.000000
-1.703700 -4.938154 0.000000
-1.838548 -4.903428 0.000000
-1.885074 -4.921480 0.000000
-2.039432 -4.910475 0.000000
-2.129415 -4.886682 0.000000
-2.208282 -4.867275 0.000000
-2.284130 -4.847970 0.000000
-2.348777 -4.831176 0.000000
-2.409896 -4.817124 0.000000
-2.470168 -4.800053 0.000000
-2.520512 -4.786769 0.000000
-2.571454 -4.774036 0.000000
-2.617517 -4.761490 0.000000
-2.660017 -4.750058 0.000000
-2.701077 -4.739221 0.000000
-2.741254 -4.728750 0.000000
-2.775126 -4.719606 0.000000
-2.808574 -4.711888 0.000000
-2.843311 -4.701593 0.000000
-2.873122 -4.694420 0.000000
-2.903403 -4.686289 0.000000
-2.931043 -4.677892 0.000000
-2.960261 -4.667716 0.000000
-2.984587 -4.661088 0.000000
-3.008651 -4.654391 0.000000
-3.034451 -4.648607 0.000000
-3.056161 -4.643717 0.000000
-3.077930 -4.636801 0.000000
-3.101403 -4.631717 0.000000
-3.120968 -4.626852 0.000000
-3.139998 -4.621441 0.000000
-3.160279 -4.616902 0.000000
-3.181040 -4.612975 0.000000
-3.198409 -4.607493 0.000000
-3.218795 -4.602034 0.000000
-3.235474 -4.597927 0.000000
-3.252655 -4.593998 0.000000
-3.272230 -4.587549 0.000000
-3.288041 -4.585220 0.000000
-3.305641 -4.581051 0.000000
-3.323173 -4.574690 0.000000
-3.339588 -4.571179 0.000000
-3.355893 -4.568027 0.000000
-3.370241 -4.562896 0.000000
-3.387310 -4.558646 0.000000
-3.403827 -4.555283 0.000000
-3.419094 -4.551448 0.000000
-3.435404 -4.546538 0.000000
-3.451188 -4.543094 0.000000
-3.467183 -4.537401 0.000000
-3.481787 -4.536812 0.000000
-3.498543 -4.531904 0.000000
-3.512859 -4.527821 0.000000
-3.529848 -4.523533 0.000000
-3.545369 -4.520376 0.000000
-3.562105 -4.514462 0.000000
-3.577074 -4.512336 0.000000
-3.594337 -4.507177 0.000000
-3.609544 -4.503057 0.000000
-3.626964 -4.499657 0.000000
-3.642111 -4.496731 0.000000
-3.659759 -4.490860 0.000000
-3.675874 -4.488002 0.000000
-3.693882 -4.482948 0.000000
-3.709235 -4.479747 0.000000
-3.728267 -4.474507 0.000000
-3.745499 -4.471264 0.000000
-3.764372 -4.466309 0.000000
-3.782798 -4.463098 0.000000
-3.802843 -4.457041 0.000000
-3.821083 -4.453307 0.000000
-3.842546 -4.447791 0.000000
-3.862358 -4.442877 0.000000
-3.883718 -4.437595 0.000000
-3.904504 -4.431926 0.000000
-3.929891 -4.427209 0.000000
-3.951302 -4.421405 0.000000
-3.975424 -4.414377 0.000000
-4.002653 -4.410292 0.000000
-4.027972 -4.402538 0.000000
-4.054058 -4.396754 0.000000
-4.083346 -4.388496 0.000000
-4.114445 -4.382886 0.000000
-4.144225 -4.374641 0.000000
-4.176757 -4.368628 0.000000
-4.212349 -4.360147 0.000000
-3.643829 -4.032715 0.000000
-3.615355 -4.009600 0.000000
-3.610448 -3.995999 0.000000
-3.607851 -3.984545 0.000000
-3.587769 -3.971897 0.000000
-3.571306 -3.956995 0.000000
-3.570523 -3.951155 0.000000
-3.551487 -3.929416 0.000000
-3.542358 -3.922000 0.000000
-3.538535 -3.920562 0.000000
-3.536690 -3.913970 0.000000
-3.535594 -3.910523 0.000000
-3.534353 -3.898853 0.000000
-3.534617 -3.893528 0.000000
-3.534255 -3.888129 0.000000
-3.535264 -3.882737 0.000000
-3.535757 -3.882116 0.000000
-3.536426 -3.878340 0.000000
-3.536087 -3.867404 0.000000
-3.535697 -3.862969 0.000000
-3.528035 -3.857458 0.000000
-3.514080 -3.853379 0.000000
-3.510299 -3.848968 0.000000
-3.510611 -3.843977 0.000000
-3.509067 -3.839233 0.000000
-3.512997 -3.833170 0.000000
-3.509770 -3.829795 0.000000
-3.511946 -3.822977 0.000000
-3.503758 -3.820367 0.000000
-3.500269 -3.816415 0.000000
-3.496955 -3.812554 0.000000
-3.493776 -3.808666 0.000000
-3.490976 -3.804684 0.000000
