x y z
0.645965 3.400310 0.000000
0.611804 3.396092 0.000000
0.577625 3.393789 0.000000
0.542480 3.388643 0.000000
0.509379 3.387637 0.000000
0.475577 3.386044 0.000000
0.441448 3.383838 0.000000
0.408391 3.378109 0.000000
0.379529 3.332272 0.000000
0.347339 3.323964 0.000000
0.314758 3.325398 0.000000
0.280898 3.322230 0.000000
0.322396 2.955103 0.000000
0.306813 2.919411 0.000000
0.324274 2.756787 0.000000
0.309394 2.739731 0.000000
0.295171 2.728193 0.000000
0.276002 2.725596 0.000000
0.256559 2.725877 0.000000
0.233342 2.730878 0.000000
0.212225 2.735752 0.000000
0.189835 2.737924 0.000000
0.166596 2.738572 0.000000
-0.211026 3.281470 0.000000
-0.247716 3.271635 0.000000
-0.288345 3.270413 0.000000
-0.332378 3.267979 0.000000
-0.373416 3.261632 0.000000
-0.420126 3.258313 0.000000
-0.466060 3.254697 0.000000
-0.514017 3.250133 0.000000
-0.558349 3.242157 0.000000
-0.615018 3.242963 0.000000
-0.667341 3.238595 0.000000
-0.723885 3.232075 0.000000
-0.778534 3.225255 0.000000
-0.834802 3.218884 0.000000
-0.897847 3.211850 0.000000
-0.966700 3.208564 0.000000
-1.031813 3.199318 0.000000
-1.104673 3.192814 0.000000
-1.176773 3.181860 0.000000
-1.248775 3.168404 0.000000
-1.239504 3.100581 0.000000
-1.238392 3.039918 0.000000
-1.234133 2.978084 0.000000
-1.228028 2.919635 0.000000
-1.225329 2.864545 0.000000
-1.223728 2.810776 0.000000
-1.218681 2.756265 0.000000
-1.208710 2.700677 0.000000
-1.211741 2.654028 0.000000
-1.201208 2.600356 0.000000
-1.200955 2.553312 0.000000
-1.193336 2.503408 0.000000
-1.192452 2.457770 0.000000
-1.180760 2.410796 0.000000
-1.181092 2.365838 0.000000
-1.174261 2.320552 0.000000
-1.175154 2.277133 0.000000
-1.169794 2.232749 0.000000
-1.162004 2.189137 0.000000
-1.161402 2.145707 0.000000
-1.158629 2.103756 0.000000
-1.149345 2.060971 0.000000
-1.146242 2.020056 0.000000
-1.145072 1.976481 0.000000
-1.141897 1.935307 0.000000
-1.130666 1.893892 0.000000
-1.128147 1.854730 0.000000
-1.125853 1.812708 0.000000
-1.124405 1.769939 0.000000
-1.121765 1.729457 0.000000
-1.117432 1.686750 0.000000
-1.114885 1.644357 0.000000
-1.108088 1.603649 0.000000
-1.103872 1.560105 0.000000
-0.886603 1.581872 0.000000
-1.089934 1.387102 0.000000
-1.082062 1.344431 0.000000
-1.085448 1.295151 0.000000
-1.068693 1.253172 0.000000
-1.007901 1.233560 0.000000
-0.897768 1.243416 0.000000
-0.802170 1.251305 0.000000
-0.714977 1.256809 0.000000
-0.636170 1.264915 0.000000
-0.562068 1.271361 0.000000
-0.496843 1.277282 0.000000
-0.431234 1.285379 0.000000
-0.370881 1.293486 0.000000
-0.319857 1.299220 0.000000
-0.269625 1.304685 0.000000
-0.223056 1.310830 0.000000
-0.179084 1.316358 0.000000
-0.139560 1.319882 0.000000
-0.102319 1.324736 0.000000
-0.065368 1.330662 0.000000
-0.032968 1.331435 0.000000
-0.002247 1.335000 0.000000
0.026159 1.337238 0.000000
0.056351 1.341628 0.000000
0.084302 1.345815 0.000000
0.111342 1.347075 0.000000
0.134463 1.350507 0.000000
0.159031 1.352740 0.000000
0.183990 1.355939 0.000000
0.205873 1.358775 0.000000
0.227271 1.361509 0.000000
0.248872 1.364650 0.000000
0.270614 1.366092 0.000000
0.290638 1.367688 0.000000
0.308798 1.370428 0.000000
0.329106 1.372619 0.000000
0.347718 1.374531 0.000000
0.365604 1.375802 0.000000
0.382421 1.379310 0.000000
0.401544 1.380656 0.000000
0.417050 1.381667 0.000000
0.433528 1.383125 0.000000
0.450741 1.383622 0.000000
0.467442 1.385630 0.000000
0.482862 1.387161 0.000000
0.499555 1.388980 0.000000
0.516455 1.390974 0.000000
0.532186 1.392671 0.000000
0.546006 1.401229 0.000000
0.561468 1.405660 0.000000
0.576759 1.407219 0.000000
0.593017 1.408997 0.000000
0.607791 1.410282 0.000000
0.623467 1.412558 0.000000
0.639032 1.415482 0.000000
0.653324 1.416026 0.000000
0.669023 1.416949 0.000000
0.683509 1.419778 0.000000
0.698618 1.421066 0.000000
0.714570 1.422974 0.000000
0.731336 1.425041 0.000000
0.747148 1.426173 0.000000
0.763417 1.428141 0.000000
0.778382 1.429195 0.000000
0.796384 1.432190 0.000000
0.811767 1.432561 0.000000
0.828816 1.433814 0.000000
0.846535 1.436415 0.000000
0.863155 1.438607 0.000000
0.881368 1.440126 0.000000
0.900256 1.441654 0.000000
0.918581 1.442407 0.000000
0.939053 1.443861 0.000000
0.959525 1.445553 0.000000
0.981960 1.443932 0.000000
1.003448 1.447184 0.000000
1.025285 1.446763 0.000000
1.048290 1.448519 0.000000
1.071861 1.450035 0.000000
1.095236 1.453701 0.000000
1.119724 1.458463 0.000000
1.145093 1.461254 0.000000
1.174076 1.463152 0.000000
1.204367 1.464662 0.000000
1.235385 1.466663 0.000000
1.267668 1.467831 0.000000
1.303082 1.470689 0.000000
1.340594 1.470530 0.000000
1.378580 1.474669 0.000000
1.422048 1.475475 0.000000
1.466521 1.479042 0.000000
1.516794 1.480401 0.000000
1.567357 1.483568 0.000000
1.614481 1.490705 0.000000
1.616277 1.524565 0.000000
1.640568 1.545146 0.000000
1.662294 1.567855 0.000000
1.683678 1.590938 0.000000
1.709638 1.614815 0.000000
1.735436 1.637466 0.000000
1.761967 1.661498 0.000000
1.784081 1.690210 0.000000
1.806884 1.716942 0.000000
1.830397 1.745786 0.000000
1.856215 1.772459 0.000000
1.890109 1.801788 0.000000
1.923582 1.830733 0.000000
1.955028 1.862119 0.000000
1.991231 1.891660 0.000000
2.023231 1.925464 0.000000
2.055928 1.960696 0.000000
2.093537 1.998226 0.000000
2.120457 2.036224 0.000000
2.111202 2.074390 0.000000
2.106177 2.114121 0.000000
2.100043 2.151903 0.000000
2.100637 2.193272 0.000000
2.099294 2.231609 0.000000
2.094626 2.267428 0.000000
2.089108 2.307510 0.000000
2.091252 2.346190 0.000000
2.085895 2.386732 0.000000
2.084976 2.425942 0.000000
2.079336 2.464707 0.000000
2.071593 2.505379 0.000000
2.076645 2.547872 0.000000
2.068887 2.588503 0.000000
2.068221 2.630866 0.000000
2.060463 2.671499 0.000000
2.054401 2.713872 0.000000
2.053417 2.758348 0.000000
2.053615 2.804964 0.000000
2.044303 2.848123 0.000000
2.042431 2.896310 0.000000
2.032513 2.940316 0.000000
2.030565 2.992638 0.000000
2.020658 3.038202 0.000000
2.016974 3.091744 0.000000
2.014529 3.145491 0.000000
2.003884 3.194593 0.000000
2.001201 3.253141 0.000000
1.933213 3.257782 0.000000
1.901256 3.291210 0.000000
1.896597 3.350502 0.000000
1.891988 3.411006 0.000000
1.879578 3.469111 0.000000
1.816748 3.472751 0.000000
1.740286 3.457131 0.000000
1.677914 3.455848 0.000000
1.616074 3.449453 0.000000
1.557993 3.443860 0.000000
1.502720 3.439861 0.000000
1.447382 3.434299 0.000000
1.390624 3.423891 0.000000
1.341397 3.419096 0.000000
1.296038 3.418451 0.000000
1.246874 3.413593 0.000000
1.203626 3.411048 0.000000
1.159245 3.405523 0.000000
1.115291 3.400131 0.000000
1.074769 3.398241 0.000000
1.032163 3.390533 0.000000
0.992201 3.387251 0.000000
0.953839 3.382491 0.000000
0.916296 3.382044 0.000000
0.880031 3.381355 0.000000
0.843242 3.374506 0.000000
0.808452 3.371995 0.000000
0.641127 2.792819 0.000000
0.619673 2.785376 0.000000
