x y z
2.115422 1.835659 0.000000
2.114410 1.858535 0.000000
2.115879 1.883116 0.000000
2.116120 1.906707 0.000000
2.116687 1.929515 0.000000
2.116285 1.953142 0.000000
2.116557 1.979034 0.000000
2.119749 2.003064 0.000000
2.117059 2.026657 0.000000
2.117965 2.053559 0.000000
2.116589 2.078178 0.000000
2.118359 2.103461 0.000000
2.119018 2.132076 0.000000
2.121865 2.159575 0.000000
2.122223 2.186332 0.000000
2.126222 2.215167 0.000000
2.129680 2.246540 0.000000
2.129303 2.276797 0.000000
2.132498 2.307563 0.000000
2.132639 2.340290 0.000000
2.130381 2.371765 0.000000
2.133514 2.407885 0.000000
2.132922 2.440744 0.000000
2.137870 2.482214 0.000000
2.138256 2.519785 0.000000
2.141185 2.561023 0.000000
2.142000 2.601326 0.000000
2.145883 2.647231 0.000000
2.147830 2.694072 0.000000
2.150640 2.745280 0.000000
2.153511 2.795992 0.000000
2.149258 2.845011 0.000000
2.116994 2.864503 0.000000
2.097902 2.897529 0.000000
2.072444 2.923944 0.000000
2.050534 2.954402 0.000000
2.026322 2.985394 0.000000
2.003330 3.018643 0.000000
1.974855 3.043608 0.000000
1.951000 3.076388 0.000000
1.923254 3.103716 0.000000
1.896805 3.137502 0.000000
1.869351 3.167358 0.000000
1.845535 3.209116 0.000000
1.817804 3.246344 0.000000
1.789503 3.279238 0.000000
1.761480 3.324918 0.000000
1.727860 3.352111 0.000000
1.696596 3.394045 0.000000
1.663387 3.431288 0.000000
1.615947 3.424161 0.000000
1.573944 3.434373 0.000000
1.529672 3.426592 0.000000
1.485668 3.428896 0.000000
1.444852 3.431852 0.000000
1.401713 3.433613 0.000000
1.360279 3.436613 0.000000
1.316322 3.430010 0.000000
1.274633 3.430933 0.000000
1.231938 3.426096 0.000000
1.191840 3.430921 0.000000
1.149314 3.431731 0.000000
1.107701 3.430757 0.000000
1.066098 3.435266 0.000000
1.023385 3.433129 0.000000
0.981525 3.438320 0.000000
0.937404 3.436365 0.000000
0.894991 3.434065 0.000000
0.851035 3.440589 0.000000
0.807795 3.440594 0.000000
0.764686 3.436219 0.000000
0.718287 3.440726 0.000000
0.673976 3.437161 0.000000
0.626528 3.444597 0.000000
0.579456 3.442046 0.000000
0.531465 3.446771 0.000000
0.483599 3.440692 0.000000
0.437652 3.433627 0.000000
0.425931 3.347778 0.000000
0.378872 3.346864 0.000000
0.328187 3.345408 0.000000
0.277367 3.344873 0.000000
0.221871 3.348727 0.000000
0.210127 3.280424 0.000000
0.206231 3.205111 0.000000
0.201793 3.132570 0.000000
0.203238 3.060102 0.000000
0.201738 2.995381 0.000000
0.198852 2.934934 0.000000
0.200212 2.873776 0.000000
0.197152 2.823811 0.000000
0.198024 2.769438 0.000000
0.197169 2.719050 0.000000
0.196173 2.672229 0.000000
0.195959 2.626817 0.000000
0.196731 2.583930 0.000000
0.193579 2.542832 0.000000
0.194129 2.504298 0.000000
0.194610 2.463526 0.000000
0.194527 2.427036 0.000000
0.196685 2.390310 0.000000
0.193317 2.358932 0.000000
0.194906 2.322221 0.000000
0.195157 2.289160 0.000000
0.194034 2.258376 0.000000
0.198274 2.224428 0.000000
0.195389 2.195973 0.000000
0.195841 2.166612 0.000000
0.147331 2.098496 0.000000
0.145526 2.071256 0.000000
0.149095 2.041314 0.000000
0.145469 2.014664 0.000000
0.145262 1.986505 0.000000
0.144013 1.959744 0.000000
0.145420 1.932729 0.000000
0.143974 1.905843 0.000000
0.144281 1.879449 0.000000
0.191746 1.848246 0.000000
0.192736 1.823294 0.000000
0.190080 1.798089 0.000000
0.189093 1.774410 0.000000
0.190670 1.750173 0.000000
0.190169 1.723223 0.000000
0.187713 1.699367 0.000000
0.187185 1.674111 0.000000
0.187210 1.649613 0.000000
0.186064 1.625116 0.000000
0.186269 1.598940 0.000000
0.185977 1.573603 0.000000
0.186366 1.546742 0.000000
0.184801 1.519150 0.000000
0.182287 1.492940 0.000000
0.183818 1.466548 0.000000
0.181729 1.439619 0.000000
0.179552 1.410923 0.000000
0.179157 1.382905 0.000000
0.180902 1.353932 0.000000
0.177934 1.325688 0.000000
0.179344 1.296412 0.000000
0.179652 1.264643 0.000000
0.176689 1.233179 0.000000
0.177691 1.200452 0.000000
0.175463 1.168284 0.000000
0.171797 1.131971 0.000000
0.172080 1.097301 0.000000
0.171396 1.060866 0.000000
0.170270 1.021993 0.000000
0.168850 0.982284 0.000000
0.169338 0.942973 0.000000
0.168270 0.900831 0.000000
0.169655 0.858553 0.000000
0.164032 0.809545 0.000000
0.167990 0.764650 0.000000
0.167863 0.714111 0.000000
0.163577 0.657679 0.000000
0.165158 0.606513 0.000000
0.162801 0.544006 0.000000
0.162228 0.481910 0.000000
0.162866 0.417507 0.000000
0.161220 0.344170 0.000000
0.160351 0.267563 0.000000
0.169222 0.200132 0.000000
0.223877 0.202629 0.000000
0.274135 0.197693 0.000000
0.325721 0.197352 0.000000
0.377320 0.199713 0.000000
0.424401 0.195810 0.000000
0.470834 0.194806 0.000000
0.515071 0.187462 0.000000
0.562259 0.191442 0.000000
0.608975 0.193266 0.000000
0.651049 0.189934 0.000000
0.695397 0.189566 0.000000
0.736677 0.185755 0.000000
0.777589 0.182057 0.000000
0.820232 0.187207 0.000000
0.861181 0.183528 0.000000
0.902634 0.186402 0.000000
0.940943 0.183713 0.000000
0.982414 0.183049 0.000000
1.022609 0.180830 0.000000
1.061775 0.183228 0.000000
1.100210 0.177361 0.000000
1.140184 0.187652 0.000000
1.180330 0.176944 0.000000
1.218561 0.180974 0.000000
1.258143 0.179991 0.000000
1.296590 0.178667 0.000000
1.336167 0.176623 0.000000
1.378082 0.172057 0.000000
1.415944 0.177571 0.000000
1.458200 0.172845 0.000000
1.499020 0.171699 0.000000
1.539087 0.173954 0.000000
1.581840 0.170402 0.000000
1.623398 0.173794 0.000000
1.667207 0.164832 0.000000
1.709279 0.164438 0.000000
1.752708 0.167654 0.000000
1.798080 0.168720 0.000000
1.780187 0.329022 0.000000
1.779503 0.427791 0.000000
2.037846 0.163377 0.000000
2.088903 0.162058 0.000000
2.109154 0.220443 0.000000
2.110520 0.301191 0.000000
1.469055 1.371386 0.000000
1.474371 1.382565 0.000000
1.475315 1.399543 0.000000
1.484849 1.409109 0.000000
1.498911 1.405460 0.000000
1.613747 1.357725 0.000000
1.623616 1.367441 0.000000
1.635057 1.377972 0.000000
1.643897 1.390307 0.000000
1.669719 1.386802 0.000000
1.712863 1.371448 0.000000
2.127892 1.080581 0.000000
2.124329 1.117363 0.000000
2.125163 1.150285 0.000000
2.123438 1.185173 0.000000
2.123142 1.217051 0.000000
2.125221 1.246387 0.000000
2.124554 1.276770 0.000000
2.125808 1.306374 0.000000
2.124566 1.335819 0.000000
2.124287 1.364138 0.000000
2.122815 1.392606 0.000000
2.124035 1.419474 0.000000
2.123516 1.444789 0.000000
2.121841 1.470867 0.000000
2.123862 1.495721 0.000000
2.123093 1.520218 0.000000
2.123426 1.546543 0.000000
2.121642 1.570872 0.000000
2.124711 1.595885 0.000000
2.123674 1.619859 0.000000
2.121936 1.642920 0.000000
2.123013 1.667038 0.000000
2.122436 1.690696 0.000000
2.124440 1.712595 0.000000
2.126468 1.736334 0.000000
2.126144 1.760138 0.000000
2.129254 1.782753 0.000000
2.114673 1.807648 0.000000
