x y z
-3.038653 -3.684115 0.000000
-3.043115 -3.691435 0.000000
-3.047078 -3.700839 0.000000
-3.050672 -3.709313 0.000000
-3.053919 -3.717852 0.000000
-3.058363 -3.725964 0.000000
-3.076544 -3.716879 0.000000
-3.087179 -3.726586 0.000000
-3.168071 -3.743515 0.000000
-3.175318 -3.743210 0.000000
-3.181637 -3.739270 0.000000
-3.221490 -3.727579 0.000000
-3.219577 -3.729573 0.000000
-3.224149 -3.735103 0.000000
-3.230303 -3.736453 0.000000
-3.232929 -3.742435 0.000000
-3.240800 -3.744855 0.000000
-3.250320 -3.750568 0.000000
-3.256709 -3.750858 0.000000
-3.268689 -3.750365 0.000000
-3.501672 -3.638369 0.000000
-3.778513 -3.543209 0.000000
-3.783412 -3.561309 0.000000
-3.740473 -3.602883 0.000000
-3.740686 -3.623246 0.000000
-3.748323 -3.641301 0.000000
-3.766557 -3.653124 0.000000
-3.428679 -3.846718 0.000000
-8.968921 -3.146891 0.000000
-6.964287 -3.790038 0.000000
-6.980889 -3.885593 0.000000
-6.888440 -3.979517 0.000000
-6.816992 -4.071064 0.000000
-6.802590 -4.162353 0.000000
-6.831237 -4.255281 0.000000
-3.386935 -3.962057 0.000000
-7.220852 -4.494198 0.000000
-3.337200 -3.977646 0.000000
-3.333298 -3.984081 0.000000
-3.326437 -3.990197 0.000000
-3.322762 -4.000184 0.000000
-3.323346 -4.014687 0.000000
-3.322362 -4.023412 0.000000
-3.323840 -4.031670 0.000000
-3.324728 -4.037957 0.000000
-3.324990 -4.048572 0.000000
-3.330494 -4.058980 0.000000
-3.341496 -4.072620 0.000000
-5.531131 -5.444746 0.000000
-5.595958 -5.571516 0.000000
-7.109689 -6.682601 0.000000
-7.080781 -6.809623 0.000000
-7.703802 -7.425110 0.000000
-7.093351 -7.289917 0.000000
-3.681352 -4.494099 0.000000
-3.653697 -4.499039 0.000000
-3.628479 -4.504254 0.000000
-3.608686 -4.512887 0.000000
-3.581816 -4.513782 0.000000
-3.566092 -4.527170 0.000000
-3.541115 -4.528412 0.000000
-3.534613 -4.551716 0.000000
-3.513873 -4.557928 0.000000
-3.500077 -4.572705 0.000000
-3.484027 -4.586906 0.000000
-3.472877 -4.605365 0.000000
-3.466519 -4.630933 0.000000
-3.458352 -4.659360 0.000000
-3.452566 -4.690762 0.000000
-3.450842 -4.736705 0.000000
-3.457006 -4.796313 0.000000
-4.153928 -6.645442 0.000000
-4.111110 -6.733353 0.000000
-4.082728 -6.869010 0.000000
-4.011375 -6.897321 0.000000
-3.940095 -6.923670 0.000000
-3.865760 -6.936528 0.000000
-3.837674 -7.136469 0.000000
-3.774309 -7.220361 0.000000
-3.733736 -7.430090 0.000000
-4.002624 -9.380201 0.000000
-3.865424 -9.367685 0.000000
-3.693745 -9.097232 0.000000
-3.272169 -8.423150 0.000000
-3.145249 -7.934553 0.000000
-3.045591 -7.625989 0.000000
-2.955808 -7.583601 0.000000
-2.864840 -7.613757 0.000000
-2.775874 -7.620090 0.000000
-2.597513 -7.602514 0.000000
-2.504673 -7.612044 0.000000
-2.320948 -7.613900 0.000000
-2.487703 -5.698208 0.000000
-2.486946 -5.542114 0.000000
-2.458146 -5.498756 0.000000
-2.433805 -5.446645 0.000000
-2.431247 -5.344263 0.000000
-2.430867 -5.245480 0.000000
-2.432272 -5.158220 0.000000
-2.431687 -5.078721 0.000000
-2.429513 -5.011430 0.000000
-2.430226 -4.947053 0.000000
-2.430751 -4.887754 0.000000
-2.431354 -4.830247 0.000000
-2.430825 -4.784235 0.000000
-2.431544 -4.734657 0.000000
-2.432501 -4.692417 0.000000
-2.433929 -4.650101 0.000000
-2.433569 -4.610653 0.000000
-2.432576 -4.577362 0.000000
-2.434019 -4.543163 0.000000
-2.434527 -4.510770 0.000000
-2.434412 -4.479070 0.000000
-2.434909 -4.451143 0.000000
-2.435280 -4.424586 0.000000
-2.435668 -4.396924 0.000000
-2.435477 -4.373625 0.000000
-2.436637 -4.348088 0.000000
-2.437211 -4.324273 0.000000
-2.435316 -4.303062 0.000000
-2.435902 -4.282939 0.000000
-2.435442 -4.262303 0.000000
-2.436363 -4.240165 0.000000
-2.435042 -4.222739 0.000000
-2.434520 -4.202804 0.000000
-2.435055 -4.185072 0.000000
-2.436546 -4.167326 0.000000
-2.434909 -4.150242 0.000000
-2.434885 -4.132041 0.000000
-2.435132 -4.116143 0.000000
-2.435041 -4.099744 0.000000
-2.434371 -4.082735 0.000000
-2.435472 -4.066684 0.000000
-2.434999 -4.052024 0.000000
-2.434650 -4.036467 0.000000
-2.435267 -4.022391 0.000000
-2.434890 -4.005491 0.000000
-2.435502 -3.990242 0.000000
-2.434748 -3.976982 0.000000
-2.435020 -3.961358 0.000000
-2.434999 -3.946355 0.000000
-2.435279 -3.933992 0.000000
-2.433957 -3.919321 0.000000
-2.434522 -3.905712 0.000000
-2.434400 -3.891494 0.000000
-2.433932 -3.875154 0.000000
-2.432701 -3.862617 0.000000
-2.434386 -3.848101 0.000000
-2.434303 -3.832291 0.000000
-2.434829 -3.818931 0.000000
-2.434812 -3.804448 0.000000
-2.434004 -3.789220 0.000000
-2.433084 -3.775144 0.000000
-2.433949 -3.759087 0.000000
-2.433385 -3.746307 0.000000
-2.431855 -3.729453 0.000000
-2.432325 -3.714301 0.000000
-2.432018 -3.699416 0.000000
-2.433662 -3.683708 0.000000
-2.432340 -3.666304 0.000000
-2.432147 -3.650475 0.000000
-2.430624 -3.634146 0.000000
-2.431274 -3.616259 0.000000
-2.430736 -3.600019 0.000000
-2.429258 -3.580841 0.000000
-2.430412 -3.563401 0.000000
-2.430237 -3.544999 0.000000
-2.428951 -3.523372 0.000000
-2.428151 -3.505022 0.000000
-2.428376 -3.483951 0.000000
-2.429208 -3.460624 0.000000
-2.428457 -3.438565 0.000000
-2.427371 -3.415947 0.000000
-2.428183 -3.391257 0.000000
-2.427154 -3.368259 0.000000
-2.426712 -3.342170 0.000000
-2.426683 -3.315926 0.000000
-2.425949 -3.287111 0.000000
-2.425403 -3.255652 0.000000
-2.426999 -3.226318 0.000000
-2.424937 -3.191204 0.000000
-2.423642 -3.157389 0.000000
-2.423335 -3.119866 0.000000
-2.421744 -3.080534 0.000000
-2.420809 -3.036122 0.000000
-2.422392 -2.994343 0.000000
-2.417991 -2.943109 0.000000
-2.419226 -2.890501 0.000000
-2.418849 -2.835283 0.000000
-2.415512 -2.770695 0.000000
-2.414582 -2.704147 0.000000
-2.415439 -2.634957 0.000000
-2.415082 -2.555255 0.000000
-2.413214 -2.463393 0.000000
-2.414076 -2.366407 0.000000
-2.439346 -2.321230 0.000000
-2.902399 -3.476732 0.000000
-2.925693 -3.507584 0.000000
-2.968017 -3.613662 0.000000
-2.975623 -3.623612 0.000000
-2.988702 -3.630292 0.000000
-2.993475 -3.637709 0.000000
-3.001240 -3.645107 0.000000
-3.010938 -3.663839 0.000000
-3.022759 -3.674825 0.000000
-3.027990 -3.678538 0.000000
-3.033132 -3.683128 0.000000
