x y z
-3.111112 -3.712570 0.000000
-3.114260 -3.713679 0.000000
-3.120003 -3.714460 0.000000
-3.121481 -3.711995 0.000000
-3.129659 -3.718014 0.000000
-3.129140 -3.721002 0.000000
-3.131842 -3.722993 0.000000
-3.137163 -3.727194 0.000000
-3.145160 -3.731951 0.000000
-3.155623 -3.736636 0.000000
-3.154014 -3.735079 0.000000
-3.158325 -3.736857 0.000000
-3.161752 -3.740956 0.000000
-3.161803 -3.740382 0.000000
-3.165961 -3.744019 0.000000
-3.166128 -3.745090 0.000000
-3.191329 -3.760243 0.000000
-3.194190 -3.762148 0.000000
-3.196422 -3.764595 0.000000
-3.198326 -3.767575 0.000000
-3.198971 -3.771091 0.000000
-3.442572 -3.636739 0.000000
-3.453024 -3.640803 0.000000
-3.696031 -3.539728 0.000000
-3.651018 -3.581969 0.000000
-3.641270 -3.602114 0.000000
-3.651426 -3.614376 0.000000
-3.441527 -3.759574 0.000000
-3.456564 -3.764445 0.000000
-3.450056 -3.777194 0.000000
-3.440036 -3.786226 0.000000
-3.448560 -3.793438 0.000000
-3.401193 -3.830687 0.000000
-4.160325 -3.743375 0.000000
-3.807375 -3.819893 0.000000
-3.822600 -3.837365 0.000000
-6.740110 -4.132782 0.000000
-6.852393 -4.234706 0.000000
-6.935914 -4.335804 0.000000
-7.235156 -4.472876 0.000000
-3.320396 -3.934752 0.000000
-3.314113 -3.958380 0.000000
-3.311429 -3.958747 0.000000
-3.309351 -3.967699 0.000000
-3.305177 -3.969087 0.000000
-3.299516 -3.979260 0.000000
-3.299759 -3.986815 0.000000
-3.302566 -3.997433 0.000000
-3.301195 -4.005385 0.000000
-3.301960 -4.013934 0.000000
-3.301682 -4.020354 0.000000
-3.305896 -4.030605 0.000000
-3.313093 -4.041459 0.000000
-3.690771 -4.410686 0.000000
-3.681232 -4.429370 0.000000
-3.674977 -4.451859 0.000000
-3.659637 -4.464385 0.000000
-3.651979 -4.486185 0.000000
-3.636571 -4.498196 0.000000
-3.630509 -4.523614 0.000000
-3.614717 -4.537600 0.000000
-3.606215 -4.561727 0.000000
-3.598767 -4.586033 0.000000
-3.593082 -4.617030 0.000000
-3.591210 -4.653290 0.000000
-3.596494 -4.703670 0.000000
-4.299921 -6.648507 0.000000
-4.147993 -6.472545 0.000000
-4.045775 -6.395976 0.000000
-3.990378 -6.435480 0.000000
-4.031200 -7.017242 0.000000
-3.915598 -6.897850 0.000000
-3.855563 -6.971234 0.000000
-3.801208 -7.083009 0.000000
-3.764716 -7.305366 0.000000
-4.041477 -9.332480 0.000000
-3.907459 -9.339465 0.000000
-3.738005 -9.069494 0.000000
-3.400937 -8.044197 0.000000
-3.240011 -9.301782 0.000000
-3.098512 -8.137165 0.000000
-3.003651 -7.567248 0.000000
-2.913343 -7.587653 0.000000
-2.823260 -7.602683 0.000000
-2.730313 -7.615338 0.000000
-2.636358 -7.636479 0.000000
-2.552678 -7.575083 0.000000
-2.495897 -7.361818 0.000000
-2.478643 -6.977101 0.000000
-2.493654 -6.530862 0.000000
-2.549134 -6.017512 0.000000
-2.500618 -5.987024 0.000000
-2.490923 -5.830260 0.000000
-2.488036 -5.669228 0.000000
-2.485819 -5.532373 0.000000
-2.454724 -5.493660 0.000000
-2.426875 -5.446502 0.000000
-2.426654 -5.339828 0.000000
-2.425419 -5.247719 0.000000
-2.424146 -5.163925 0.000000
-2.424451 -5.088325 0.000000
-2.424320 -5.017777 0.000000
-2.421857 -4.954980 0.000000
-2.423149 -4.893187 0.000000
-2.422740 -4.840394 0.000000
-2.420446 -4.791179 0.000000
-2.419813 -4.742525 0.000000
-2.421373 -4.695235 0.000000
-2.419295 -4.655348 0.000000
-2.420608 -4.615500 0.000000
-2.420421 -4.577502 0.000000
-2.421437 -4.541809 0.000000
-2.420764 -4.509244 0.000000
-2.421439 -4.477607 0.000000
-2.419123 -4.447797 0.000000
-2.421285 -4.415723 0.000000
-2.421785 -4.388579 0.000000
-2.422071 -4.360336 0.000000
-2.424619 -4.334613 0.000000
-2.422929 -4.311206 0.000000
-2.421832 -4.287331 0.000000
-2.420989 -4.264282 0.000000
-2.419587 -4.243707 0.000000
-2.420028 -4.220924 0.000000
-2.418985 -4.201210 0.000000
-2.419294 -4.179893 0.000000
-2.418633 -4.158903 0.000000
-2.417497 -4.141192 0.000000
-2.417310 -4.120830 0.000000
-2.416405 -4.102826 0.000000
-2.416425 -4.083953 0.000000
-2.417558 -4.066258 0.000000
-2.417854 -4.046152 0.000000
-2.417362 -4.030706 0.000000
-2.418399 -4.011750 0.000000
-2.416784 -3.994813 0.000000
-2.416368 -3.977936 0.000000
-2.416655 -3.962772 0.000000
-2.414432 -3.945482 0.000000
-2.415000 -3.928805 0.000000
-2.414787 -3.912882 0.000000
-2.414871 -3.895894 0.000000
-2.414394 -3.879180 0.000000
-2.414085 -3.862660 0.000000
-2.414431 -3.846695 0.000000
-2.413152 -3.830887 0.000000
-2.412540 -3.814110 0.000000
-2.412790 -3.798065 0.000000
-2.412676 -3.781940 0.000000
-2.412407 -3.766088 0.000000
-2.411576 -3.749676 0.000000
-2.412131 -3.733347 0.000000
-2.412107 -3.715461 0.000000
-2.411052 -3.699676 0.000000
-2.410970 -3.682364 0.000000
-2.410277 -3.664081 0.000000
-2.409434 -3.646070 0.000000
-2.410614 -3.630449 0.000000
-2.408479 -3.611650 0.000000
-2.407823 -3.593619 0.000000
-2.408347 -3.576359 0.000000
-2.408349 -3.555521 0.000000
-2.406684 -3.537704 0.000000
-2.405469 -3.517396 0.000000
-2.406467 -3.495345 0.000000
-2.405974 -3.475537 0.000000
-2.405482 -3.452986 0.000000
-2.403151 -3.431951 0.000000
-2.402846 -3.408401 0.000000
-2.402166 -3.384915 0.000000
-2.403094 -3.361221 0.000000
-2.400390 -3.336071 0.000000
-2.400578 -3.309499 0.000000
-2.398540 -3.282888 0.000000
-2.399372 -3.254730 0.000000
-2.397506 -3.223632 0.000000
-2.396744 -3.191751 0.000000
-2.395540 -3.157884 0.000000
-2.394769 -3.124706 0.000000
-2.392206 -3.087070 0.000000
-2.393443 -3.050812 0.000000
-2.393113 -3.012058 0.000000
-2.388461 -2.966588 0.000000
-2.388097 -2.920746 0.000000
-2.385538 -2.873270 0.000000
-2.893452 -3.517642 0.000000
-2.928050 -3.553821 0.000000
-2.962490 -3.593729 0.000000
-2.970040 -3.596776 0.000000
-2.981377 -3.595869 0.000000
-3.006263 -3.629323 0.000000
-3.012631 -3.636331 0.000000
-3.020160 -3.641708 0.000000
-3.030848 -3.643992 0.000000
-3.036670 -3.646344 0.000000
-3.040720 -3.649483 0.000000
-3.046835 -3.653261 0.000000
-3.056247 -3.671322 0.000000
-3.063378 -3.679567 0.000000
-3.067705 -3.681032 0.000000
-3.072106 -3.684852 0.000000
-3.075996 -3.684044 0.000000
-3.079938 -3.683829 0.000000
-3.083970 -3.685957 0.000000
-3.087796 -3.690183 0.000000
-3.091511 -3.694248 0.000000
-3.095029 -3.697648 0.000000
-3.098386 -3.701126 0.000000
-3.104444 -3.705249 0.000000
-3.104599 -3.707788 0.000000
-3.109348 -3.711253 0.000000
-3.112350 -3.713305 0.000000
