x y z
-3.195387 -3.752925 0.000000
-3.199809 -3.756834 0.000000
-3.203325 -3.755879 0.000000
-3.216807 -3.758056 0.000000
-3.219329 -3.762113 0.000000
-3.220461 -3.770537 0.000000
-3.226572 -3.776144 0.000000
-3.247827 -3.787914 0.000000
-3.252187 -3.789682 0.000000
-3.257137 -3.791139 0.000000
-3.514949 -3.695731 0.000000
-3.805393 -3.557859 0.000000
-3.807372 -3.579281 0.000000
-3.758447 -3.624133 0.000000
-3.770203 -3.635534 0.000000
-3.723591 -3.675651 0.000000
-3.666439 -3.716413 0.000000
-3.660305 -3.731741 0.000000
-9.080617 -3.369841 0.000000
-6.965386 -4.036304 0.000000
-6.846169 -4.121982 0.000000
-4.660356 -4.049640 0.000000
-4.643783 -4.085939 0.000000
-4.636573 -4.122526 0.000000
-4.635145 -4.159968 0.000000
-4.636563 -4.199042 0.000000
-4.632285 -4.235165 0.000000
-4.636427 -4.274349 0.000000
-4.633271 -4.312246 0.000000
-3.393469 -4.013819 0.000000
-4.706955 -4.456842 0.000000
-3.337687 -4.032810 0.000000
-3.337285 -4.037010 0.000000
-3.333688 -4.036710 0.000000
-3.330538 -4.041387 0.000000
-3.326035 -4.066751 0.000000
-3.327276 -4.072497 0.000000
-3.329902 -4.079628 0.000000
-3.331546 -4.085896 0.000000
-3.328218 -4.095116 0.000000
-3.333148 -4.107162 0.000000
-3.852948 -4.629877 0.000000
-3.861450 -4.673240 0.000000
-3.854128 -4.701210 0.000000
-3.849436 -4.734130 0.000000
-3.837526 -4.762891 0.000000
-3.827802 -4.791587 0.000000
-5.988985 -7.922667 0.000000
-5.851565 -7.933409 0.000000
-3.568906 -4.645938 0.000000
-3.541428 -4.641593 0.000000
-3.513062 -4.632832 0.000000
-3.495872 -4.643602 0.000000
-3.481159 -4.657624 0.000000
-3.464337 -4.669911 0.000000
-3.447021 -4.678065 0.000000
-3.436148 -4.704979 0.000000
-3.423382 -4.724894 0.000000
-3.409665 -4.748408 0.000000
-3.398236 -4.784334 0.000000
-3.800060 -6.525320 0.000000
-3.741031 -6.557686 0.000000
-3.775988 -7.030338 0.000000
-3.739582 -7.243713 0.000000
-3.688113 -7.435827 0.000000
-3.620877 -7.569439 0.000000
-3.755395 -9.448484 0.000000
-3.589520 -9.131750 0.000000
-3.087571 -7.972711 0.000000
-2.989161 -7.964737 0.000000
-2.908132 -7.653364 0.000000
-2.815821 -7.640482 0.000000
-2.725218 -7.662661 0.000000
-2.539701 -7.670881 0.000000
-2.448270 -7.651576 0.000000
-2.427343 -6.598637 0.000000
-2.449570 -6.057217 0.000000
-2.453236 -5.723534 0.000000
-2.454893 -5.586361 0.000000
-2.431003 -5.528169 0.000000
-2.399847 -5.491239 0.000000
-2.402375 -5.388295 0.000000
-2.402665 -5.297864 0.000000
-2.405925 -5.212101 0.000000
-2.409349 -5.130493 0.000000
-2.411290 -5.061159 0.000000
-2.412847 -4.995883 0.000000
-2.413548 -4.939233 0.000000
-2.415369 -4.885498 0.000000
-2.416985 -4.830354 0.000000
-2.420032 -4.782597 0.000000
-2.418875 -4.738587 0.000000
-2.422055 -4.697042 0.000000
-2.424331 -4.653832 0.000000
-2.425077 -4.618919 0.000000
-2.425794 -4.584228 0.000000
-2.428005 -4.548406 0.000000
-2.428719 -4.516333 0.000000
-2.430632 -4.484359 0.000000
-2.431415 -4.455618 0.000000
-2.434206 -4.427379 0.000000
-2.436873 -4.398097 0.000000
-2.435979 -4.375428 0.000000
-2.437015 -4.350315 0.000000
-2.437474 -4.326142 0.000000
-2.437086 -4.302962 0.000000
-2.437614 -4.280898 0.000000
-2.436866 -4.259149 0.000000
-2.438800 -4.238921 0.000000
-2.437863 -4.218059 0.000000
-2.437544 -4.197369 0.000000
-2.441428 -4.177807 0.000000
-2.440342 -4.159552 0.000000
-2.441191 -4.139460 0.000000
-2.439979 -4.122029 0.000000
-2.441372 -4.104050 0.000000
-2.441348 -4.084973 0.000000
-2.443373 -4.067039 0.000000
-2.441818 -4.050726 0.000000
-2.444132 -4.033977 0.000000
-2.443222 -4.016861 0.000000
-2.443439 -3.999308 0.000000
-2.443752 -3.983179 0.000000
-2.443234 -3.967591 0.000000
-2.444720 -3.950250 0.000000
-2.446161 -3.933408 0.000000
-2.446536 -3.917963 0.000000
-2.447529 -3.901268 0.000000
-2.445980 -3.883414 0.000000
-2.447953 -3.868798 0.000000
-2.446553 -3.850439 0.000000
-2.447153 -3.836603 0.000000
-2.448122 -3.818305 0.000000
-2.447552 -3.803247 0.000000
-2.447787 -3.785555 0.000000
-2.449636 -3.768428 0.000000
-2.449260 -3.752809 0.000000
-2.448133 -3.736428 0.000000
-2.450225 -3.719133 0.000000
-2.449888 -3.700140 0.000000
-2.451355 -3.684279 0.000000
-2.450503 -3.665548 0.000000
-2.449634 -3.646641 0.000000
-2.449370 -3.628658 0.000000
-2.451506 -3.610509 0.000000
-2.450050 -3.592151 0.000000
-2.451299 -3.571958 0.000000
-2.451407 -3.551168 0.000000
-2.451529 -3.531764 0.000000
-2.451117 -3.511056 0.000000
-2.452992 -3.488397 0.000000
-2.452176 -3.468011 0.000000
-2.451420 -3.444628 0.000000
-2.452268 -3.420207 0.000000
-2.454074 -3.397400 0.000000
-2.453962 -3.370503 0.000000
-2.454085 -3.344885 0.000000
-2.453331 -3.317153 0.000000
-2.453526 -3.289442 0.000000
-2.456237 -3.258738 0.000000
-2.454566 -3.226519 0.000000
-2.454618 -3.193348 0.000000
-2.455138 -3.159792 0.000000
-2.454657 -3.122842 0.000000
-2.453398 -3.084638 0.000000
-2.453278 -3.041769 0.000000
-2.454417 -3.000915 0.000000
-2.455865 -2.956257 0.000000
-2.457410 -2.908074 0.000000
-3.071545 -3.783498 0.000000
-3.071703 -3.783706 0.000000
-3.082730 -3.743926 0.000000
