x y z
-3.135896 -3.616008 0.000000
-3.143859 -3.645630 0.000000
-3.155325 -3.654139 0.000000
-3.163914 -3.652844 0.000000
-3.174310 -3.648781 0.000000
-3.183894 -3.640647 0.000000
-3.198318 -3.624337 0.000000
-3.211883 -3.613217 0.000000
-3.223772 -3.608621 0.000000
-3.222995 -3.651423 0.000000
-3.235678 -3.646331 0.000000
-3.251114 -3.622468 0.000000
-3.265429 -3.621968 0.000000
-3.275536 -3.619472 0.000000
-3.289714 -3.615991 0.000000
-3.305626 -3.610331 0.000000
-3.319694 -3.604591 0.000000
-3.332277 -3.603109 0.000000
-3.344758 -3.607883 0.000000
-3.354545 -3.614633 0.000000
-3.361270 -3.626290 0.000000
-3.350896 -3.668724 0.000000
-3.357217 -3.677225 0.000000
-3.367728 -3.681035 0.000000
-3.218224 -3.918905 0.000000
-3.221094 -3.921963 0.000000
-3.224201 -3.925828 0.000000
-3.227794 -3.927358 0.000000
-3.234183 -3.927695 0.000000
-3.251964 -3.931663 0.000000
-3.256171 -3.934399 0.000000
-3.262498 -3.936017 0.000000
-3.942093 -3.640657 0.000000
-3.994688 -3.640915 0.000000
-5.880572 -2.982858 0.000000
-6.118501 -2.974053 0.000000
-7.063808 -2.743743 0.000000
-7.398003 -2.746857 0.000000
-4.128780 -3.776510 0.000000
-4.099468 -3.809544 0.000000
-4.089687 -3.837689 0.000000
-4.092583 -3.860854 0.000000
-4.096763 -3.886005 0.000000
-4.106474 -3.910185 0.000000
-4.104180 -3.933695 0.000000
-4.099638 -3.960770 0.000000
-4.105713 -3.984168 0.000000
-4.100978 -4.033175 0.000000
-4.110868 -4.056444 0.000000
-4.131368 -4.082868 0.000000
-4.184846 -4.108676 0.000000
-3.993108 -4.166907 0.000000
-3.952768 -4.182602 0.000000
-3.919210 -4.198453 0.000000
-3.898752 -4.214925 0.000000
-3.885883 -4.234018 0.000000
-3.341198 -4.124836 0.000000
-3.922808 -4.284348 0.000000
-3.897157 -4.297217 0.000000
-3.909021 -4.322532 0.000000
-3.927858 -4.351433 0.000000
-3.319074 -4.152654 0.000000
-3.310018 -4.156579 0.000000
-3.310081 -4.161161 0.000000
-3.307076 -4.166412 0.000000
-3.307240 -4.173392 0.000000
-3.303021 -4.189677 0.000000
-3.306321 -4.192371 0.000000
-3.307592 -4.199555 0.000000
-3.309211 -4.208587 0.000000
-3.304875 -4.217556 0.000000
-6.147519 -7.992910 0.000000
-5.968408 -7.951689 0.000000
-5.919874 -8.087971 0.000000
-5.860484 -8.212779 0.000000
-4.181967 -6.695632 0.000000
-4.070632 -6.603669 0.000000
-4.008619 -6.623566 0.000000
-4.012088 -6.842681 0.000000
-4.074869 -7.286051 0.000000
-3.945406 -7.129897 0.000000
-3.860859 -7.105376 0.000000
-3.819951 -7.268779 0.000000
-3.764339 -7.390779 0.000000
-3.722492 -7.620726 0.000000
-3.941378 -9.568185 0.000000
-3.785941 -9.412418 0.000000
-3.639764 -9.278483 0.000000
-3.214340 -8.113438 0.000000
-3.117680 -8.116688 0.000000
-3.023538 -7.793139 0.000000
-2.933646 -7.762891 0.000000
-2.840516 -7.815635 0.000000
-2.750780 -7.799793 0.000000
-2.564092 -7.819543 0.000000
-2.592976 -7.048115 0.000000
-2.465749 -6.925027 0.000000
-2.565969 -6.182836 0.000000
-2.509137 -6.194761 0.000000
-2.475883 -6.110209 0.000000
-2.475155 -5.939018 0.000000
-2.472744 -5.793817 0.000000
-2.468528 -5.676698 0.000000
-2.463997 -5.571946 0.000000
-2.416339 -5.579415 0.000000
-2.416684 -5.483503 0.000000
-2.418412 -5.390490 0.000000
-2.419200 -5.308237 0.000000
-2.417293 -5.235947 0.000000
-2.417913 -5.171281 0.000000
-2.415216 -5.113619 0.000000
-2.417189 -5.053830 0.000000
-2.415879 -5.001434 0.000000
-2.416200 -4.952020 0.000000
-2.416206 -4.903311 0.000000
-2.416555 -4.861925 0.000000
-2.417951 -4.819942 0.000000
-2.415854 -4.782991 0.000000
-2.416811 -4.745928 0.000000
-2.418492 -4.711528 0.000000
-2.419293 -4.677193 0.000000
-2.418157 -4.647598 0.000000
-2.418852 -4.617341 0.000000
-2.420757 -4.586478 0.000000
-2.421586 -4.558972 0.000000
-2.422615 -4.531260 0.000000
-2.422709 -4.506899 0.000000
-2.421813 -4.482424 0.000000
-2.420979 -4.461737 0.000000
-2.420493 -4.437411 0.000000
-2.421160 -4.416538 0.000000
-2.420297 -4.395628 0.000000
-2.421521 -4.372805 0.000000
-2.419474 -4.352371 0.000000
-2.419461 -4.334711 0.000000
-2.420082 -4.313699 0.000000
-2.419900 -4.296191 0.000000
-2.420565 -4.276200 0.000000
-2.419489 -4.258180 0.000000
-2.418391 -4.241199 0.000000
-2.418715 -4.222239 0.000000
-2.418683 -4.204035 0.000000
-2.419746 -4.186392 0.000000
-2.420917 -4.169728 0.000000
-2.419323 -4.152415 0.000000
-2.419479 -4.137167 0.000000
-2.418656 -4.119347 0.000000
-2.419435 -4.102928 0.000000
-2.419470 -4.088146 0.000000
-2.419182 -4.070301 0.000000
-2.418673 -4.055243 0.000000
-2.419505 -4.037609 0.000000
-2.419237 -4.022187 0.000000
-2.419341 -4.006384 0.000000
-2.418805 -3.990687 0.000000
-2.417997 -3.973772 0.000000
-2.419241 -3.955868 0.000000
-2.418212 -3.939446 0.000000
-2.418421 -3.922505 0.000000
-2.416766 -3.906780 0.000000
-2.417190 -3.888983 0.000000
-2.417718 -3.872594 0.000000
-2.417630 -3.856070 0.000000
-2.417207 -3.838432 0.000000
-2.417428 -3.819304 0.000000
-2.417150 -3.802996 0.000000
-2.416605 -3.785485 0.000000
-2.415491 -3.766347 0.000000
-2.415471 -3.745717 0.000000
-2.414645 -3.727385 0.000000
-2.414584 -3.706030 0.000000
-2.414934 -3.687634 0.000000
-2.413528 -3.666422 0.000000
-2.414801 -3.644414 0.000000
-2.414260 -3.622475 0.000000
-2.413782 -3.599381 0.000000
-2.412696 -3.576205 0.000000
-2.412048 -3.552275 0.000000
-2.413049 -3.527294 0.000000
-2.410906 -3.501041 0.000000
-2.409497 -3.473396 0.000000
-2.411336 -3.445780 0.000000
-2.409752 -3.414921 0.000000
-2.408556 -3.385477 0.000000
-2.997938 -3.913565 0.000000
-3.017883 -3.917000 0.000000
-3.053238 -3.914962 0.000000
-3.118135 -3.910835 0.000000
