x y z
0.566097 -0.449058 0.000000
0.568929 -0.435011 0.000000
0.576316 -0.431465 0.000000
0.583116 -0.424214 0.000000
0.593118 -0.418067 0.000000
0.603441 -0.414663 0.000000
0.613407 -0.413814 0.000000
0.626935 -0.412224 0.000000
0.644774 -0.414429 0.000000
1.557969 -1.102008 0.000000
1.566419 -1.058034 0.000000
1.988923 -1.200898 0.000000
2.021379 -1.163067 0.000000
2.514254 -1.396847 0.000000
2.469573 -1.300188 0.000000
0.739093 -0.320682 0.000000
0.731697 -0.306477 0.000000
0.719041 -0.286599 0.000000
0.725360 -0.279102 0.000000
0.483383 -0.170682 0.000000
0.479933 -0.165666 0.000000
0.472401 -0.160125 0.000000
0.466469 -0.153440 0.000000
0.463775 -0.151183 0.000000
0.461436 -0.147918 0.000000
0.460051 -0.141759 0.000000
0.461424 -0.140133 0.000000
0.722493 -0.128944 0.000000
0.728886 -0.121125 0.000000
0.723680 -0.109250 0.000000
0.732964 -0.101423 0.000000
0.735634 -0.088695 0.000000
0.739460 -0.080101 0.000000
0.742233 -0.068769 0.000000
0.742214 -0.057572 0.000000
0.747114 -0.045654 0.000000
0.751827 -0.035263 0.000000
0.757542 -0.023448 0.000000
0.767534 -0.009167 0.000000
0.781855 0.006279 0.000000
0.792804 0.020811 0.000000
0.803468 0.035489 0.000000
0.808391 0.052807 0.000000
0.816485 0.067204 0.000000
0.830048 0.086759 0.000000
0.809198 0.092508 0.000000
0.802899 0.106380 0.000000
0.806304 0.120176 0.000000
0.812062 0.138624 0.000000
0.832548 0.164920 0.000000
2.509145 1.335288 0.000000
2.588010 1.466393 0.000000
2.854113 1.945275 0.000000
0.395362 -0.024160 0.000000
0.396778 -0.025166 0.000000
0.391602 -0.019243 0.000000
0.389575 -0.017101 0.000000
0.390031 -0.017672 0.000000
0.382514 -0.015941 0.000000
0.327654 0.045501 0.000000
0.323318 0.048118 0.000000
-0.670656 5.498754 0.000000
-0.803410 5.439582 0.000000
-0.938440 5.404466 0.000000
-0.961485 4.916816 0.000000
-1.087012 4.885851 0.000000
0.258183 0.002961 0.000000
0.257936 -0.004656 0.000000
0.256502 -0.009328 0.000000
0.254029 -0.013827 0.000000
0.249088 -0.019757 0.000000
0.248987 -0.022213 0.000000
0.202894 -0.074568 0.000000
0.154397 -0.093222 0.000000
-0.430661 0.067163 0.000000
-0.451185 0.054213 0.000000
-0.451731 0.034851 0.000000
-0.451502 0.014424 0.000000
-0.459093 -0.004315 0.000000
-0.461491 -0.023773 0.000000
-0.489196 -0.039951 0.000000
-0.510563 -0.057709 0.000000
-0.526764 -0.076280 0.000000
-0.545031 -0.095234 0.000000
-0.572389 -0.116300 0.000000
-0.613224 -0.138061 0.000000
-1.082907 -0.231166 0.000000
-1.025590 -0.262192 0.000000
-0.975099 -0.289091 0.000000
-0.920260 -0.315819 0.000000
-0.875272 -0.340239 0.000000
-0.830613 -0.361343 0.000000
-0.791377 -0.384570 0.000000
-0.750647 -0.403098 0.000000
-0.712830 -0.421576 0.000000
-0.679098 -0.438754 0.000000
-0.647916 -0.458028 0.000000
-0.615687 -0.473542 0.000000
-0.584138 -0.488265 0.000000
-0.554860 -0.502353 0.000000
-0.528049 -0.515543 0.000000
-0.500597 -0.529890 0.000000
-0.474008 -0.540552 0.000000
-0.449119 -0.552222 0.000000
-0.424284 -0.565167 0.000000
0.033587 -0.327194 0.000000
-0.329042 -0.651028 0.000000
-0.315197 -0.667860 0.000000
-0.288733 -0.671686 0.000000
-0.270786 -0.681393 0.000000
-0.249945 -0.690892 0.000000
-0.224342 -0.692376 0.000000
-0.200737 -0.695442 0.000000
-0.156874 -0.704647 0.000000
-0.141569 -0.713857 0.000000
-0.123730 -0.722882 0.000000
-0.108828 -0.732242 0.000000
-0.093092 -0.741361 0.000000
-0.074840 -0.748298 0.000000
-0.060800 -0.756775 0.000000
-0.043633 -0.766630 0.000000
-0.028029 -0.774751 0.000000
-0.012613 -0.781458 0.000000
0.003673 -0.791765 0.000000
0.018854 -0.799930 0.000000
0.034321 -0.808593 0.000000
0.047339 -0.828735 0.000000
0.224758 -0.437450 0.000000
0.235350 -0.436673 0.000000
0.258567 -0.406186 0.000000
0.265483 -0.408930 0.000000
0.273797 -0.412227 0.000000
0.299402 -0.568093 0.000000
0.308878 -0.584959 0.000000
0.378720 -0.989158 0.000000
0.400222 -1.002750 0.000000
0.422490 -1.014527 0.000000
0.447173 -1.029769 0.000000
0.470746 -1.040330 0.000000
0.444079 -0.728271 0.000000
0.450477 -0.678720 0.000000
0.461839 -0.669964 0.000000
0.473122 -0.657003 0.000000
0.483010 -0.645133 0.000000
0.487564 -0.604881 0.000000
0.490982 -0.583954 0.000000
0.499656 -0.569553 0.000000
0.508285 -0.553932 0.000000
0.515917 -0.549089 0.000000
0.523682 -0.538409 0.000000
0.536049 -0.532301 0.000000
0.546722 -0.528697 0.000000
0.555906 -0.525089 0.000000
0.567168 -0.522295 0.000000
0.578365 -0.518628 0.000000
0.588852 -0.513901 0.000000
