x y z
0.500830 -0.409166 0.000000
0.510464 -0.408029 0.000000
0.522934 -0.408159 0.000000
0.537722 -0.411637 0.000000
0.735860 -0.556347 0.000000
0.737587 -0.536258 0.000000
0.738771 -0.516946 0.000000
0.740025 -0.496926 0.000000
0.761985 -0.498087 0.000000
1.533010 -1.038158 0.000000
1.550683 -1.004126 0.000000
1.622597 -1.006962 0.000000
1.935588 -1.162098 0.000000
1.969195 -1.125156 0.000000
2.020930 -1.098398 0.000000
2.503438 -1.304842 0.000000
2.496452 -1.231055 0.000000
0.684868 -0.290675 0.000000
0.677356 -0.275810 0.000000
0.667294 -0.259068 0.000000
0.679390 -0.252248 0.000000
0.428265 -0.150684 0.000000
0.423892 -0.145714 0.000000
0.416166 -0.140470 0.000000
0.411112 -0.133125 0.000000
0.408711 -0.132097 0.000000
0.406061 -0.128310 0.000000
0.405107 -0.123962 0.000000
0.407299 -0.117933 0.000000
0.657795 -0.113423 0.000000
0.663826 -0.102925 0.000000
0.668864 -0.092815 0.000000
0.672849 -0.081956 0.000000
0.676613 -0.071548 0.000000
0.679195 -0.063588 0.000000
0.681127 -0.050597 0.000000
0.683691 -0.041733 0.000000
0.685544 -0.031415 0.000000
0.690234 -0.019908 0.000000
0.694315 -0.006960 0.000000
0.700883 0.006187 0.000000
0.711128 0.019244 0.000000
0.725170 0.036929 0.000000
0.738037 0.051028 0.000000
0.746312 0.066924 0.000000
0.737968 0.079133 0.000000
0.760089 0.100564 0.000000
0.752388 0.112099 0.000000
0.759315 0.128812 0.000000
0.742297 0.137324 0.000000
0.742025 0.151888 0.000000
0.750748 0.171281 0.000000
0.777654 0.201170 0.000000
2.327744 1.217198 0.000000
2.304858 1.272930 0.000000
2.433671 1.439028 0.000000
2.498254 1.568909 0.000000
2.675312 1.891070 0.000000
2.751357 2.059941 0.000000
0.340024 -0.010445 0.000000
0.333561 -0.006144 0.000000
0.332751 -0.003012 0.000000
0.329308 -0.000448 0.000000
0.330322 -0.001593 0.000000
0.324000 -0.000732 0.000000
0.270589 0.057930 0.000000
0.266282 0.060770 0.000000
0.261834 0.063751 0.000000
-0.923357 5.538042 0.000000
-1.042729 5.419714 0.000000
-1.151058 5.282458 0.000000
-1.189269 4.905504 0.000000
-1.326101 4.912641 0.000000
0.198351 0.014086 0.000000
0.198257 0.006697 0.000000
0.196836 0.002188 0.000000
0.192455 -0.003686 0.000000
0.194060 -0.005923 0.000000
-0.493891 0.055752 0.000000
-0.492173 0.035071 0.000000
-0.494361 0.016647 0.000000
-0.478694 -0.007112 0.000000
-0.510946 -0.019821 0.000000
-0.516175 -0.039655 0.000000
-0.528731 -0.057171 0.000000
-0.539913 -0.075724 0.000000
-0.551905 -0.094747 0.000000
-0.581440 -0.114044 0.000000
-0.600480 -0.135702 0.000000
-0.630714 -0.158380 0.000000
-0.680449 -0.181658 0.000000
-0.726929 -0.208548 0.000000
-1.001843 -0.322219 0.000000
-0.953842 -0.345594 0.000000
-0.907032 -0.369055 0.000000
-0.862514 -0.389875 0.000000
-0.822953 -0.409360 0.000000
-0.780887 -0.427610 0.000000
-0.744936 -0.444702 0.000000
-0.709274 -0.460359 0.000000
-0.678015 -0.475875 0.000000
-0.649015 -0.490756 0.000000
-0.617275 -0.504734 0.000000
-0.588612 -0.519391 0.000000
-0.559709 -0.529099 0.000000
-0.532059 -0.542818 0.000000
-0.506589 -0.553317 0.000000
-0.482983 -0.564535 0.000000
-0.412434 -0.646923 0.000000
-0.381597 -0.650950 0.000000
-0.363915 -0.664059 0.000000
-0.346566 -0.675612 0.000000
-0.319147 -0.679613 0.000000
-0.303397 -0.689179 0.000000
-0.276286 -0.692764 0.000000
-0.251614 -0.693004 0.000000
-0.230525 -0.700443 0.000000
-0.207579 -0.700300 0.000000
-0.190204 -0.708275 0.000000
-0.172791 -0.717557 0.000000
-0.155610 -0.725145 0.000000
-0.139543 -0.732648 0.000000
-0.122694 -0.741323 0.000000
-0.107508 -0.749909 0.000000
-0.090356 -0.757397 0.000000
-0.074002 -0.764499 0.000000
-0.057680 -0.773331 0.000000
-0.040814 -0.781070 0.000000
-0.024709 -0.789059 0.000000
-0.010068 -0.797062 0.000000
0.006302 -0.805851 0.000000
0.022724 -0.813640 0.000000
0.040178 -0.820508 0.000000
0.055553 -0.829660 0.000000
0.210778 -0.420206 0.000000
0.213873 -0.431635 0.000000
0.228030 -0.402116 0.000000
0.260060 -0.556699 0.000000
0.269092 -0.585955 0.000000
0.274729 -0.784401 0.000000
0.291140 -0.823734 0.000000
0.357482 -0.981273 0.000000
0.378579 -0.990853 0.000000
0.403202 -1.000456 0.000000
0.427092 -1.017476 0.000000
0.451678 -1.028016 0.000000
0.403225 -0.673277 0.000000
0.414768 -0.658097 0.000000
0.427216 -0.648487 0.000000
0.438189 -0.638694 0.000000
0.447183 -0.616503 0.000000
0.445150 -0.574498 0.000000
0.452664 -0.560902 0.000000
0.459170 -0.544677 0.000000
0.465075 -0.528090 0.000000
0.474203 -0.516198 0.000000
0.455726 -0.455113 0.000000
0.457089 -0.435802 0.000000
0.463294 -0.428136 0.000000
0.471355 -0.422250 0.000000
0.479433 -0.416942 0.000000
0.487309 -0.413347 0.000000
0.495570 -0.411429 0.000000
