x y z
1.124495 -4.291779 0.000000
1.108171 -4.387539 0.000000
0.790757 -4.456128 0.000000
0.785558 -4.547344 0.000000
0.787183 -4.638836 0.000000
0.776284 -4.729935 0.000000
0.767297 -4.913715 0.000000
-0.000353 -4.822625 0.000000
0.512325 -5.040150 0.000000
-0.121999 -4.943135 0.000000
-0.857557 -4.781285 0.000000
-0.922800 -4.870599 0.000000
-1.091301 -4.857975 0.000000
-1.242997 -4.845357 0.000000
-1.375401 -4.835027 0.000000
-1.510157 -4.814883 0.000000
-1.463471 -4.883556 0.000000
-1.560608 -4.876161 0.000000
-1.650431 -4.869058 0.000000
-1.731800 -4.861594 0.000000
-1.802442 -4.857497 0.000000
-1.870849 -4.850362 0.000000
-1.931805 -4.846016 0.000000
-1.987910 -4.841801 0.000000
-2.042800 -4.836422 0.000000
-2.092156 -4.829940 0.000000
-2.138133 -4.828393 0.000000
-2.179729 -4.823667 0.000000
-2.220439 -4.822474 0.000000
-2.259837 -4.815587 0.000000
-2.297233 -4.813512 0.000000
-2.331326 -4.808357 0.000000
-2.363610 -4.807151 0.000000
-2.396589 -4.802839 0.000000
-2.425735 -4.800551 0.000000
-2.454026 -4.795780 0.000000
-2.481883 -4.794624 0.000000
-2.507867 -4.790130 0.000000
-2.528708 -4.794541 0.000000
