x y z
-1.688324 -3.716754 0.000000
-1.700981 -3.693169 0.000000
-1.705537 -3.674803 0.000000
-1.713330 -3.653791 0.000000
-1.712514 -3.636040 0.000000
-1.704736 -3.619642 0.000000
-1.694783 -3.602577 0.000000
-1.669500 -3.589217 0.000000
-1.631026 -3.571875 0.000000
-1.615261 -3.554031 0.000000
-1.600389 -3.534347 0.000000
-1.578727 -3.515013 0.000000
-1.550231 -3.495636 0.000000
-1.505303 -3.472520 0.000000
0.313065 -3.212754 0.000000
0.288351 -3.149072 0.000000
0.275124 -3.085033 0.000000
0.209511 -3.029471 0.000000
0.418693 -2.919507 0.000000
0.718719 -2.780461 0.000000
0.736143 -2.694448 0.000000
0.687119 -2.628440 0.000000
0.770481 -2.519464 0.000000
2.846502 -1.745584 0.000000
2.457561 -1.741773 0.000000
1.896674 -1.582509 0.000000
2.484280 -1.178542 0.000000
0.864462 -1.842985 0.000000
0.843118 -1.754502 0.000000
0.783541 -1.685431 0.000000
0.744065 -1.604008 0.000000
0.729132 -1.508870 0.000000
0.680792 -1.432724 0.000000
0.636151 -1.352565 0.000000
-0.091055 -1.686706 0.000000
-0.760999 -2.135845 0.000000
-0.785274 -2.088376 0.000000
-0.845778 -2.072372 0.000000
-0.998360 -2.143888 0.000000
-1.136232 -2.214076 0.000000
-1.258799 -2.277075 0.000000
-1.280665 -2.238937 0.000000
-1.350009 -2.255269 0.000000
-1.439206 -2.299031 0.000000
-1.522846 -2.340248 0.000000
-1.594922 -2.373654 0.000000
-1.658404 -2.404842 0.000000
-1.721393 -2.436788 0.000000
-1.775426 -2.464812 0.000000
-1.825213 -2.486653 0.000000
-1.874145 -2.512213 0.000000
-1.919152 -2.533947 0.000000
-1.960631 -2.557182 0.000000
-1.998423 -2.576249 0.000000
-2.035533 -2.593606 0.000000
-2.068879 -2.611640 0.000000
-2.101080 -2.628333 0.000000
-2.133104 -2.643883 0.000000
-2.160424 -2.656392 0.000000
-2.187516 -2.672396 0.000000
-2.214723 -2.686575 0.000000
-2.238980 -2.697952 0.000000
-2.265509 -2.713969 0.000000
-2.287341 -2.723094 0.000000
-2.308818 -2.736560 0.000000
-2.331332 -2.747560 0.000000
-2.351367 -2.758133 0.000000
-2.371719 -2.767373 0.000000
-2.391014 -2.775174 0.000000
-2.410765 -2.785174 0.000000
-2.428750 -2.794200 0.000000
-2.447283 -2.802917 0.000000
-2.463420 -2.811777 0.000000
-2.480527 -2.820819 0.000000
-2.497772 -2.828054 0.000000
-2.512464 -2.834964 0.000000
-2.530472 -2.842394 0.000000
-2.544348 -2.851462 0.000000
-2.560733 -2.859541 0.000000
-2.575945 -2.866564 0.000000
-2.589830 -2.874454 0.000000
-2.604750 -2.880387 0.000000
-2.621058 -2.888405 0.000000
-2.635283 -2.895230 0.000000
-2.649288 -2.902369 0.000000
-2.663571 -2.910530 0.000000
-2.677050 -2.916927 0.000000
-2.692759 -2.924350 0.000000
-2.705250 -2.930562 0.000000
-2.719633 -2.937719 0.000000
-2.733665 -2.945141 0.000000
-2.748250 -2.950743 0.000000
-2.761846 -2.959368 0.000000
-2.775979 -2.965278 0.000000
-2.790860 -2.973553 0.000000
-2.805122 -2.978637 0.000000
-2.819514 -2.986346 0.000000
-2.832877 -2.993168 0.000000
-2.848643 -2.999736 0.000000
-2.863503 -3.008347 0.000000
-2.877228 -3.014250 0.000000
-2.892801 -3.022540 0.000000
-2.907831 -3.029540 0.000000
-2.923088 -3.036921 0.000000
-2.938264 -3.043677 0.000000
-2.955251 -3.052525 0.000000
-2.971093 -3.060769 0.000000
-2.986779 -3.068270 0.000000
-3.004405 -3.077153 0.000000
-3.021073 -3.084275 0.000000
-3.039289 -3.093252 0.000000
-3.056541 -3.100721 0.000000
-3.076788 -3.109714 0.000000
-3.094830 -3.120284 0.000000
-3.112822 -3.128206 0.000000
-3.134535 -3.138810 0.000000
-3.154114 -3.148583 0.000000
-3.176538 -3.159322 0.000000
-3.198327 -3.168646 0.000000
-2.868156 -3.351970 0.000000
-2.843965 -3.375081 0.000000
-2.826703 -3.394188 0.000000
-2.823800 -3.404408 0.000000
-2.804639 -3.422047 0.000000
-2.800708 -3.431167 0.000000
-2.802377 -3.441785 0.000000
-2.814845 -3.445810 0.000000
-2.811039 -3.458373 0.000000
-2.801023 -3.469216 0.000000
-2.809319 -3.477246 0.000000
-2.813556 -3.484748 0.000000
-2.813064 -3.494490 0.000000
-2.813519 -3.503381 0.000000
-2.817159 -3.509959 0.000000
-2.821050 -3.521335 0.000000
-2.804869 -3.528921 0.000000
-2.843994 -3.555253 0.000000
-2.850409 -3.566165 0.000000
-2.922864 -3.605064 0.000000
-2.953365 -3.618241 0.000000
-2.947986 -3.630657 0.000000
-2.945085 -3.643053 0.000000
-2.947805 -3.656419 0.000000
-2.954423 -3.670551 0.000000
-2.971865 -3.686827 0.000000
-2.927356 -3.690864 0.000000
-2.918052 -3.700191 0.000000
-2.910283 -3.711011 0.000000
-2.902360 -3.720694 0.000000
-2.893394 -3.730173 0.000000
-2.861767 -3.728964 0.000000
-2.720484 -3.690719 0.000000
-2.690673 -3.681210 0.000000
-2.677928 -3.681333 0.000000
-2.668689 -3.689286 0.000000
-2.628124 -3.677257 0.000000
-2.620842 -3.678716 0.000000
-2.615197 -3.682649 0.000000
-2.610106 -3.684219 0.000000
-2.605283 -3.687189 0.000000
-2.605343 -3.686039 0.000000
-2.600184 -3.692358 0.000000
-2.594789 -3.700195 0.000000
-2.592979 -3.702819 0.000000
-2.596110 -3.711031 0.000000
-2.595644 -3.719255 0.000000
-2.587687 -3.727696 0.000000
-2.590138 -3.728358 0.000000
-2.586622 -3.732816 0.000000
-2.579851 -3.740238 0.000000
-2.576361 -3.745477 0.000000
-2.573835 -3.749398 0.000000
-2.568883 -3.755510 0.000000
-2.569054 -3.758862 0.000000
-2.566359 -3.764343 0.000000
-2.558524 -3.771744 0.000000
-2.557856 -3.776511 0.000000
-2.551470 -3.813888 0.000000
-2.637221 -4.112513 0.000000
-2.625251 -4.119841 0.000000
-2.609671 -4.121915 0.000000
-2.560537 -4.010112 0.000000
-2.544000 -4.001179 0.000000
-2.530861 -3.989887 0.000000
-2.513832 -3.969885 0.000000
-2.500461 -3.961585 0.000000
-2.491979 -3.962949 0.000000
-2.481303 -3.962853 0.000000
-2.472200 -3.967146 0.000000
-2.460325 -3.977635 0.000000
-2.450808 -3.979478 0.000000
-2.388076 -4.229248 0.000000
-2.374836 -4.185712 0.000000
-2.359865 -4.182054 0.000000
-2.342379 -4.183732 0.000000
-2.327502 -4.182879 0.000000
-2.310985 -4.191047 0.000000
-0.385352 -9.143467 0.000000
-2.367756 -3.648921 0.000000
-2.364624 -3.647591 0.000000
-2.362964 -3.649500 0.000000
-2.201819 -3.810009 0.000000
-2.185314 -3.797958 0.000000
-2.187046 -3.786797 0.000000
-2.206410 -3.752001 0.000000
-2.222451 -3.723725 0.000000
-2.230304 -3.696699 0.000000
-2.225531 -3.695506 0.000000
-2.225934 -3.691938 0.000000
-2.213585 -3.689954 0.000000
-2.213138 -3.678276 0.000000
-2.207106 -3.676326 0.000000
-2.202481 -3.674592 0.000000
-2.194347 -3.669732 0.000000
-2.183575 -3.668414 0.000000
1.999395 -5.811700 0.000000
2.541002 -5.796697 0.000000
-1.424658 -3.940854 0.000000
-1.484747 -3.887923 0.000000
-1.576763 -3.827754 0.000000
-1.623359 -3.788853 0.000000
-1.631202 -3.764904 0.000000
