x y z
1.690297 2.099444 0.000000
1.677738 2.098919 0.000000
1.667536 2.099858 0.000000
1.653744 2.099584 0.000000
1.640597 2.099796 0.000000
1.629305 2.099773 0.000000
1.616025 2.100086 0.000000
1.603140 2.100412 0.000000
1.591442 2.101003 0.000000
1.579322 2.101475 0.000000
1.565355 2.101607 0.000000
1.552808 2.102141 0.000000
1.537479 2.102149 0.000000
1.525333 2.102761 0.000000
1.510332 2.102437 0.000000
1.496104 2.102902 0.000000
1.482027 2.103388 0.000000
1.468041 2.105012 0.000000
1.451181 2.104781 0.000000
1.436461 2.105924 0.000000
1.419571 2.107490 0.000000
1.401231 2.106845 0.000000
1.382214 2.109474 0.000000
1.364255 2.112453 0.000000
1.345261 2.112756 0.000000
1.324839 2.113384 0.000000
1.304979 2.113987 0.000000
1.283044 2.114653 0.000000
1.261570 2.113182 0.000000
1.239560 2.115132 0.000000
1.215813 2.113135 0.000000
1.190582 2.114725 0.000000
1.162859 2.114884 0.000000
1.135004 2.115736 0.000000
1.103197 2.116265 0.000000
1.070657 2.118323 0.000000
1.036241 2.120524 0.000000
0.998998 2.121046 0.000000
0.958282 2.122675 0.000000
0.913707 2.125707 0.000000
0.863752 2.128580 0.000000
0.814487 2.130561 0.000000
0.737016 2.144525 0.000000
0.669554 2.150527 0.000000
0.602190 2.150308 0.000000
0.526365 2.153355 0.000000
0.435203 2.159014 0.000000
0.338630 2.160782 0.000000
0.223905 2.164572 0.000000
0.173348 2.141787 0.000000
0.165973 2.100070 0.000000
0.164052 2.059847 0.000000
0.169508 2.015434 0.000000
0.166619 1.975625 0.000000
0.161474 1.936155 0.000000
0.165611 1.894705 0.000000
0.161517 1.855562 0.000000
0.159588 1.815801 0.000000
0.163482 1.776450 0.000000
0.161349 1.737556 0.000000
0.159660 1.698260 0.000000
0.162525 1.660980 0.000000
0.160009 1.621806 0.000000
0.156219 1.582923 0.000000
0.156609 1.544853 0.000000
0.157204 1.506308 0.000000
0.153808 1.466869 0.000000
0.151757 1.426369 0.000000
0.144321 1.386510 0.000000
0.145474 1.347889 0.000000
0.146431 1.307192 0.000000
0.149623 1.267986 0.000000
0.142238 1.225487 0.000000
0.144564 1.184271 0.000000
0.140409 1.141161 0.000000
0.140659 1.098160 0.000000
0.138218 1.053044 0.000000
0.136397 1.009217 0.000000
0.135610 0.963403 0.000000
0.133877 0.916716 0.000000
0.134244 0.871493 0.000000
0.127080 0.818302 0.000000
0.127993 0.769323 0.000000
0.128395 0.718819 0.000000
0.124304 0.664271 0.000000
0.127728 0.612005 0.000000
0.125185 0.554946 0.000000
0.120508 0.496340 0.000000
0.126271 0.440496 0.000000
0.205809 0.439123 0.000000
0.213758 0.383591 0.000000
0.216256 0.324338 0.000000
0.212734 0.256593 0.000000
0.242089 0.214307 0.000000
0.311002 0.209916 0.000000
0.376493 0.206851 0.000000
0.442934 0.208000 0.000000
0.503989 0.204856 0.000000
0.563278 0.204134 0.000000
0.620906 0.201120 0.000000
0.676124 0.201757 0.000000
0.726018 0.197704 0.000000
0.780180 0.198104 0.000000
0.830467 0.197026 0.000000
0.872743 0.189505 0.000000
0.922624 0.190576 0.000000
0.967871 0.192273 0.000000
1.009462 0.184285 0.000000
1.054830 0.186721 0.000000
1.096227 0.184914 0.000000
1.137210 0.184042 0.000000
1.178788 0.182084 0.000000
1.216459 0.177287 0.000000
1.259099 0.181026 0.000000
1.295260 0.176032 0.000000
1.335839 0.177473 0.000000
1.371979 0.176924 0.000000
1.410095 0.177825 0.000000
1.436386 0.132822 0.000000
1.476094 0.133757 0.000000
1.512701 0.130099 0.000000
1.548206 0.124711 0.000000
1.586019 0.121479 0.000000
1.622527 0.123308 0.000000
1.660614 0.128957 0.000000
1.697867 0.131084 0.000000
1.733967 0.163138 0.000000
1.769674 0.158072 0.000000
1.804903 0.159859 0.000000
1.842382 0.163439 0.000000
1.878424 0.161560 0.000000
1.913863 0.157204 0.000000
1.951417 0.152483 0.000000
1.988070 0.155624 0.000000
2.025289 0.150873 0.000000
2.062156 0.152040 0.000000
2.099829 0.151477 0.000000
2.140619 0.147773 0.000000
2.179421 0.147335 0.000000
2.219847 0.145218 0.000000
2.260963 0.144593 0.000000
2.302896 0.141542 0.000000
2.346773 0.138400 0.000000
2.391055 0.136770 0.000000
2.437164 0.131550 0.000000
2.481116 0.132178 0.000000
2.528412 0.133410 0.000000
2.576611 0.130609 0.000000
2.625803 0.129530 0.000000
2.674597 0.131451 0.000000
2.729222 0.130387 0.000000
2.785680 0.125239 0.000000
2.843463 0.122976 0.000000
2.904659 0.120962 0.000000
2.965746 0.119702 0.000000
3.029957 0.118644 0.000000
3.098196 0.114693 0.000000
3.165918 0.116304 0.000000
3.242377 0.112456 0.000000
3.328157 0.102050 0.000000
3.349477 0.157100 0.000000
3.359722 0.220197 0.000000
3.367062 0.283507 0.000000
3.364842 0.350575 0.000000
3.373844 0.408931 0.000000
3.378581 0.466562 0.000000
3.374438 0.530252 0.000000
3.379137 0.585557 0.000000
3.376359 0.641961 0.000000
3.384863 0.692762 0.000000
3.382507 0.746509 0.000000
3.384128 0.799078 0.000000
3.388573 0.846388 0.000000
3.393740 0.893097 0.000000
3.391676 0.943566 0.000000
3.393959 0.989749 0.000000
3.394196 1.037949 0.000000
3.395500 1.083482 0.000000
3.403699 1.124397 0.000000
3.401711 1.170766 0.000000
3.398867 1.215176 0.000000
3.402394 1.258550 0.000000
3.401438 1.301524 0.000000
2.794869 1.449409 0.000000
2.784835 1.479221 0.000000
2.798224 1.504552 0.000000
3.414305 1.555204 0.000000
3.415165 1.597165 0.000000
3.416234 1.639155 0.000000
3.415260 1.681149 0.000000
3.417017 1.722898 0.000000
2.557549 1.699229 0.000000
2.540474 1.717968 0.000000
2.541482 1.739037 0.000000
2.545674 1.760673 0.000000
2.559373 1.784456 0.000000
2.595871 1.813982 0.000000
2.644255 1.847603 0.000000
3.150150 2.074815 0.000000
3.043736 2.078742 0.000000
2.959989 2.085441 0.000000
2.868283 2.084595 0.000000
2.794110 2.085675 0.000000
2.720383 2.086225 0.000000
2.660376 2.088079 0.000000
2.603705 2.087368 0.000000
2.553236 2.088522 0.000000
2.509369 2.089006 0.000000
2.466413 2.090220 0.000000
2.425366 2.088787 0.000000
2.389051 2.092215 0.000000
2.354570 2.092091 0.000000
2.325809 2.093157 0.000000
2.294621 2.094833 0.000000
2.266955 2.096903 0.000000
2.240343 2.096693 0.000000
2.213780 2.098616 0.000000
2.189861 2.098945 0.000000
2.167690 2.099436 0.000000
2.145047 2.100433 0.000000
2.123481 2.099917 0.000000
2.104951 2.099672 0.000000
2.083786 2.099711 0.000000
2.064322 2.100419 0.000000
2.047392 2.101616 0.000000
2.031017 2.102028 0.000000
2.013753 2.101986 0.000000
1.996096 2.103148 0.000000
1.982326 2.102336 0.000000
1.965875 2.102849 0.000000
1.950647 2.103727 0.000000
1.937384 2.103625 0.000000
1.921148 2.104425 0.000000
1.906639 2.105716 0.000000
1.894958 2.106700 0.000000
1.881196 2.107301 0.000000
1.866838 2.107721 0.000000
1.852549 2.108770 0.000000
1.841319 2.108197 0.000000
1.826629 2.109394 0.000000
1.815550 2.109005 0.000000
1.798202 2.098739 0.000000
1.786423 2.097865 0.000000
1.773577 2.098587 0.000000
1.763981 2.097712 0.000000
1.749361 2.098693 0.000000
1.737500 2.098666 0.000000
1.726591 2.099096 0.000000
1.715278 2.098776 0.000000
1.701555 2.098839 0.000000
