x y z
2.160034 2.625505 0.000000
2.159754 2.664714 0.000000
2.165380 2.711519 0.000000
2.170424 2.761575 0.000000
2.168759 2.807474 0.000000
2.165201 2.852635 0.000000
2.134651 2.863652 0.000000
2.113764 2.885902 0.000000
2.093298 2.913261 0.000000
2.074603 2.940071 0.000000
2.050899 2.962884 0.000000
2.031256 2.995664 0.000000
2.007714 3.020524 0.000000
1.983311 3.044915 0.000000
1.960468 3.071569 0.000000
1.936274 3.098781 0.000000
1.913122 3.129831 0.000000
1.888405 3.160608 0.000000
1.864867 3.200670 0.000000
1.839080 3.234511 0.000000
1.813039 3.271977 0.000000
1.783079 3.304668 0.000000
1.754089 3.345428 0.000000
1.722925 3.385953 0.000000
1.690933 3.418814 0.000000
1.649935 3.420288 0.000000
1.609085 3.413889 0.000000
1.569771 3.417635 0.000000
1.530405 3.420642 0.000000
1.491669 3.418875 0.000000
1.453144 3.418904 0.000000
1.410799 3.420468 0.000000
1.371367 3.421735 0.000000
1.333040 3.424078 0.000000
1.292450 3.430329 0.000000
1.252554 3.429608 0.000000
1.213043 3.427933 0.000000
1.172505 3.431690 0.000000
1.131331 3.431291 0.000000
1.091186 3.428528 0.000000
1.046617 3.437581 0.000000
1.006654 3.432285 0.000000
0.963250 3.436427 0.000000
0.920291 3.436519 0.000000
0.876642 3.436630 0.000000
0.830513 3.438737 0.000000
0.786780 3.433653 0.000000
0.739850 3.436928 0.000000
0.693907 3.440088 0.000000
0.645283 3.439789 0.000000
0.597061 3.439601 0.000000
0.544279 3.443436 0.000000
0.491254 3.443849 0.000000
0.450275 3.422168 0.000000
0.442591 3.348290 0.000000
0.390669 3.347187 0.000000
0.329994 3.352354 0.000000
0.273027 3.351048 0.000000
0.225368 3.337181 0.000000
0.220858 3.267668 0.000000
0.221612 3.196808 0.000000
0.219482 3.130848 0.000000
1.115801 2.131838 0.000000
1.114105 2.120243 0.000000
1.109891 2.110722 0.000000
0.208209 2.756513 0.000000
0.206763 2.709030 0.000000
0.209269 2.661513 0.000000
0.205786 2.622302 0.000000
0.209752 2.577821 0.000000
0.202340 2.541307 0.000000
0.202295 2.500234 0.000000
0.202598 2.460520 0.000000
0.203757 2.422236 0.000000
0.201712 2.386308 0.000000
0.203105 2.349266 0.000000
0.198719 2.316396 0.000000
0.200160 2.281116 0.000000
0.191093 2.248825 0.000000
0.201254 2.212375 0.000000
0.200780 2.179468 0.000000
0.865601 1.970766 0.000000
0.883264 1.952165 0.000000
0.876135 1.938977 0.000000
0.863530 1.927354 0.000000
0.129500 1.996555 0.000000
0.146488 1.963058 0.000000
0.146096 1.931289 0.000000
0.144706 1.898593 0.000000
0.147409 1.866188 0.000000
0.194428 1.805094 0.000000
0.811241 1.799510 0.000000
0.822434 1.785148 0.000000
0.833171 1.771540 0.000000
0.837911 1.758225 0.000000
0.827885 1.741323 0.000000
0.812583 1.722123 0.000000
0.179791 1.520686 0.000000
0.176053 1.484922 0.000000
0.178767 1.453110 0.000000
0.629750 1.567095 0.000000
0.657257 1.554201 0.000000
0.668113 1.535995 0.000000
0.665298 1.513546 0.000000
0.649661 1.483608 0.000000
0.171184 1.234466 0.000000
0.171635 1.196100 0.000000
0.170519 1.154545 0.000000
0.172283 1.115278 0.000000
0.172042 1.071819 0.000000
0.165219 1.024569 0.000000
1.324394 1.759956 0.000000
1.329918 1.756189 0.000000
1.334679 1.751867 0.000000
1.338458 1.749044 0.000000
1.085314 0.166231 0.000000
1.131876 0.177168 0.000000
1.172490 0.173202 0.000000
1.216276 0.169331 0.000000
1.258015 0.173832 0.000000
1.300487 0.181542 0.000000
1.342926 0.170528 0.000000
1.384083 0.164136 0.000000
1.426390 0.169758 0.000000
1.466987 0.161141 0.000000
1.509626 0.166613 0.000000
1.551343 0.164078 0.000000
1.593135 0.163574 0.000000
1.636253 0.165523 0.000000
1.678219 0.160810 0.000000
1.722578 0.153701 0.000000
1.767036 0.156862 0.000000
1.770627 0.341615 0.000000
1.768668 0.507421 0.000000
1.897676 0.160606 0.000000
1.940140 0.170822 0.000000
1.991517 0.151942 0.000000
2.039060 0.151369 0.000000
2.088631 0.149275 0.000000
2.095098 0.253135 0.000000
2.099431 0.350251 0.000000
2.102515 0.442789 0.000000
2.106570 0.520558 0.000000
2.111445 0.592252 0.000000
2.111126 0.665888 0.000000
2.112543 0.731176 0.000000
2.114436 0.788659 0.000000
2.112161 0.849776 0.000000
2.113901 0.897590 0.000000
2.112634 0.949387 0.000000
2.113886 0.994628 0.000000
2.112491 1.037986 0.000000
2.115378 1.077038 0.000000
2.114492 1.115984 0.000000
2.115520 1.152848 0.000000
2.115819 1.185289 0.000000
2.115451 1.218975 0.000000
2.115842 1.248795 0.000000
2.116495 1.281007 0.000000
2.116662 1.308861 0.000000
2.116895 1.335629 0.000000
2.117787 1.362976 0.000000
2.118268 1.388553 0.000000
2.117072 1.412505 0.000000
2.116261 1.437531 0.000000
2.116490 1.460934 0.000000
2.118113 1.484900 0.000000
2.118759 1.505437 0.000000
2.118414 1.526684 0.000000
2.118488 1.548837 0.000000
2.118584 1.569155 0.000000
2.119002 1.590257 0.000000
2.118887 1.608380 0.000000
2.119215 1.627540 0.000000
2.119470 1.648090 0.000000
2.122345 1.664990 0.000000
2.122351 1.684527 0.000000
2.125532 1.700947 0.000000
2.123386 1.719549 0.000000
2.123963 1.739008 0.000000
2.125430 1.755866 0.000000
2.118462 1.775163 0.000000
2.115348 1.795390 0.000000
2.116243 1.812287 0.000000
2.115779 1.830934 0.000000
2.114810 1.847445 0.000000
2.116414 1.865662 0.000000
2.116068 1.883322 0.000000
2.116917 1.898991 0.000000
2.116382 1.917684 0.000000
2.117987 1.935355 0.000000
2.119336 1.951813 0.000000
2.118740 1.970075 0.000000
2.119570 1.987758 0.000000
2.118158 2.005553 0.000000
2.120418 2.024384 0.000000
2.119705 2.042951 0.000000
2.120519 2.060951 0.000000
2.120658 2.081351 0.000000
2.121183 2.101391 0.000000
2.123078 2.122135 0.000000
2.122844 2.140925 0.000000
2.123012 2.162764 0.000000
2.124867 2.183341 0.000000
2.129011 2.206813 0.000000
2.132212 2.231073 0.000000
2.131592 2.252966 0.000000
2.131133 2.277107 0.000000
2.135616 2.303201 0.000000
2.133140 2.325391 0.000000
2.135882 2.353275 0.000000
2.135428 2.380827 0.000000
2.135921 2.408279 0.000000
2.140946 2.438871 0.000000
2.141988 2.471882 0.000000
2.143209 2.503764 0.000000
2.146223 2.538066 0.000000
2.149237 2.574466 0.000000
2.152273 2.613207 0.000000
