x y z
-1.817095 -1.194566 0.000000
-1.821068 -1.194302 0.000000
-1.824912 -1.193705 0.000000
-1.828735 -1.192761 0.000000
-1.832784 -1.192690 0.000000
-1.836925 -1.193010 0.000000
-1.841038 -1.192978 0.000000
-1.845100 -1.192598 0.000000
-2.207025 -2.098801 0.000000
-2.231804 -2.084876 0.000000
-2.260820 -2.081704 0.000000
-1.930115 -1.250345 0.000000
-1.929102 -1.241535 0.000000
-1.933390 -1.229030 0.000000
-1.936554 -1.217407 0.000000
-1.936272 -1.208091 0.000000
-1.935777 -1.199094 0.000000
-1.937427 -1.191679 0.000000
-1.937306 -1.185343 0.000000
-1.937111 -1.181392 0.000000
-1.939981 -1.173940 0.000000
-1.942185 -1.169416 0.000000
-1.944100 -1.164662 0.000000
-1.946320 -1.160134 0.000000
-1.949092 -1.156319 0.000000
-1.951996 -1.152550 0.000000
-1.954837 -1.148667 0.000000
-1.957964 -1.145038 0.000000
-1.960769 -1.141231 0.000000
-1.964578 -1.137955 0.000000
-1.968107 -1.134428 0.000000
-1.971553 -1.132373 0.000000
-1.976724 -1.127943 0.000000
-1.982074 -1.125006 0.000000
-1.989416 -1.122829 0.000000
-1.997474 -1.120579 0.000000
-2.004136 -1.117436 0.000000
-2.366115 -1.271935 0.000000
-2.426463 -1.279213 0.000000
-2.484436 -1.245875 0.000000
-2.473191 -1.225492 0.000000
-2.469835 -1.205947 0.000000
-2.470276 -1.187869 0.000000
-2.454080 -1.166507 0.000000
-2.448700 -1.147309 0.000000
-2.452583 -1.132250 0.000000
-2.461080 -1.117672 0.000000
-2.607529 -1.080502 0.000000
-2.604650 -1.058553 0.000000
-2.606424 -1.039651 0.000000
-2.606956 -1.018488 0.000000
-2.610244 -0.998466 0.000000
-2.609575 -0.978967 0.000000
-2.611111 -0.958550 0.000000
-2.610614 -0.937981 0.000000
-2.609811 -0.917129 0.000000
-2.612055 -0.897915 0.000000
-2.611804 -0.875940 0.000000
-2.614138 -0.855501 0.000000
-2.612735 -0.833306 0.000000
-2.613750 -0.812610 0.000000
-2.613462 -0.790049 0.000000
-2.051677 -0.929613 0.000000
-2.046919 -0.921408 0.000000
-2.043631 -0.914616 0.000000
-2.035571 -0.911537 0.000000
-2.056247 -0.876860 0.000000
-2.059082 -0.870120 0.000000
-2.059211 -0.858567 0.000000
-2.617892 -0.366296 0.000000
-2.619564 -0.332118 0.000000
-2.621729 -0.295604 0.000000
-2.618708 -0.261019 0.000000
-2.619789 -0.219078 0.000000
-2.620478 -0.178110 0.000000
-2.623951 -0.132441 0.000000
-1.995724 -0.780198 0.000000
-1.990351 -0.776169 0.000000
-1.982884 -0.773285 0.000000
-1.982504 -0.761830 0.000000
-1.967794 -0.765142 0.000000
-1.956893 -0.767324 0.000000
-1.945899 -0.768565 0.000000
-1.932407 -0.772482 0.000000
-1.921796 -0.777311 0.000000
-1.910876 -0.777855 0.000000
-1.905074 -0.781369 0.000000
-1.894155 -0.783768 0.000000
-1.883425 -0.794767 0.000000
-1.875033 -0.800913 0.000000
-1.866669 -0.802275 0.000000
-1.849942 -0.816512 0.000000
-1.840559 -0.834162 0.000000
-2.264202 3.242867 0.000000
-1.998111 4.531789 0.000000
-1.857842 4.488792 0.000000
-1.738390 2.662617 0.000000
-1.645548 2.660940 0.000000
-1.552105 2.681944 0.000000
-1.303214 4.542655 0.000000
-1.743465 -0.756517 0.000000
-0.044388 0.051015 0.000000
-0.098458 -0.041338 0.000000
-0.102125 -0.098031 0.000000
-0.058477 -0.130138 0.000000
-0.007767 -0.159514 0.000000
0.053199 -0.184119 0.000000
0.116968 -0.211110 0.000000
0.157953 -0.251663 0.000000
0.356367 -0.692295 0.000000
-0.114791 -0.816985 0.000000
-0.161955 -0.865249 0.000000
-0.171858 -0.907457 0.000000
-0.181592 -0.948992 0.000000
-0.181632 -0.989638 0.000000
-0.177702 -1.028437 0.000000
-0.166240 -1.069334 0.000000
-0.137525 -1.110256 0.000000
-0.077709 -1.155254 0.000000
-1.478654 -1.089577 0.000000
-1.491375 -1.094151 0.000000
-1.498943 -1.104935 0.000000
-1.502631 -1.111783 0.000000
-1.506962 -1.115534 0.000000
-1.507490 -1.122070 0.000000
-1.507238 -1.130660 0.000000
-1.502612 -1.138951 0.000000
-1.499802 -1.148185 0.000000
-1.505836 -1.156799 0.000000
-1.506550 -1.164293 0.000000
-1.505352 -1.171430 0.000000
-1.503728 -1.179732 0.000000
-1.503344 -1.192850 0.000000
-1.499623 -1.202281 0.000000
-1.495914 -1.213487 0.000000
-1.489841 -1.227197 0.000000
-1.548751 -1.214815 0.000000
-1.557320 -1.215147 0.000000
-1.575343 -1.213232 0.000000
-1.596774 -1.210954 0.000000
-1.601261 -1.210782 0.000000
-1.606803 -1.218357 0.000000
-1.602825 -1.225058 0.000000
-1.602779 -1.237801 0.000000
-1.606279 -1.244588 0.000000
-1.611769 -1.246546 0.000000
-1.625503 -1.247789 0.000000
-1.635141 -1.242726 0.000000
-1.667937 -1.215571 0.000000
-1.675923 -1.213903 0.000000
-1.685370 -1.217163 0.000000
-1.689884 -1.216429 0.000000
-1.694295 -1.215567 0.000000
-1.704846 -1.214298 0.000000
-1.711944 -1.211203 0.000000
-1.716920 -1.211943 0.000000
-1.721979 -1.212315 0.000000
-1.726343 -1.214165 0.000000
-1.731075 -1.215493 0.000000
-1.736179 -1.215229 0.000000
-1.740996 -1.215536 0.000000
-1.746287 -1.214036 0.000000
-1.757073 -1.197318 0.000000
-1.761282 -1.197328 0.000000
-1.764702 -1.200899 0.000000
-1.768009 -1.205873 0.000000
-1.770566 -1.207586 0.000000
-1.774521 -1.210211 0.000000
-1.778353 -1.215234 0.000000
-1.782345 -1.219912 0.000000
-1.787554 -1.210535 0.000000
-1.793589 -1.203564 0.000000
-1.797731 -1.200639 0.000000
-1.801744 -1.198612 0.000000
-1.805623 -1.197741 0.000000
-1.809549 -1.196771 0.000000
-1.813547 -1.196950 0.000000
