x y z
-2.217404 -1.827002 0.000000
-2.253209 -1.885155 0.000000
-2.294298 -1.936236 0.000000
-2.333290 -1.975487 0.000000
-2.536882 -2.550111 0.000000
-2.502790 -2.226566 0.000000
-2.434142 -1.638556 0.000000
-2.459558 -1.636397 0.000000
-2.490100 -1.637172 0.000000
-2.419754 -1.404558 0.000000
-2.423499 -1.359026 0.000000
-2.436329 -1.343255 0.000000
-2.449307 -1.327188 0.000000
-2.466613 -1.315000 0.000000
-2.485792 -1.311288 0.000000
-2.503781 -1.303971 0.000000
-2.520950 -1.295148 0.000000
-2.535182 -1.279857 0.000000
-2.547049 -1.262881 0.000000
-2.563980 -1.253710 0.000000
-2.283585 -0.852550 0.000000
-2.281382 -0.838663 0.000000
-2.279334 -0.826479 0.000000
-2.276606 -0.814775 0.000000
-2.273932 -0.804298 0.000000
-2.273262 -0.793827 0.000000
-2.275857 -0.781336 0.000000
-2.274756 -0.776746 0.000000
-2.278401 -0.765517 0.000000
-2.279395 -0.760931 0.000000
-2.283109 -0.751727 0.000000
-2.283327 -0.750784 0.000000
-2.286580 -0.743832 0.000000
-2.287797 -0.740721 0.000000
-2.293126 -0.732493 0.000000
-2.295675 -0.730279 0.000000
-2.300123 -0.725846 0.000000
-2.305852 -0.721891 0.000000
-2.314405 -0.716140 0.000000
-2.317287 -0.712794 0.000000
-2.654131 -0.825845 0.000000
-2.657307 -0.811344 0.000000
-2.643330 -0.790913 0.000000
-2.538988 -0.744368 0.000000
-2.542209 -0.734245 0.000000
-2.548051 -0.722385 0.000000
-2.555657 -0.711689 0.000000
-2.564759 -0.700902 0.000000
-2.574308 -0.690353 0.000000
-2.588138 -0.679488 0.000000
-2.604985 -0.668048 0.000000
-2.625351 -0.655049 0.000000
-2.879375 -0.614960 0.000000
-2.877093 -0.594883 0.000000
-2.874848 -0.575309 0.000000
-2.870256 -0.554679 0.000000
-2.871066 -0.535269 0.000000
-2.867566 -0.515458 0.000000
-2.866870 -0.494277 0.000000
-2.864653 -0.474606 0.000000
-2.867075 -0.454938 0.000000
-2.861674 -0.434611 0.000000
-2.859491 -0.414790 0.000000
-2.856694 -0.392873 0.000000
-2.855507 -0.372833 0.000000
-2.315707 -0.521690 0.000000
-2.305494 -0.512766 0.000000
-2.304475 -0.511893 0.000000
-2.300199 -0.504060 0.000000
-2.293832 -0.502050 0.000000
-2.286653 -0.491970 0.000000
-2.290292 -0.489315 0.000000
-2.320211 -0.445048 0.000000
-2.798230 0.134633 0.000000
-2.795345 0.171686 0.000000
-2.794160 0.208046 0.000000
-2.789053 0.245952 0.000000
-2.786359 0.286496 0.000000
-2.780148 0.328558 0.000000
-2.777564 0.372042 0.000000
-2.230405 -0.356463 0.000000
-2.222361 -0.356199 0.000000
-2.212507 -0.353765 0.000000
-2.210781 -0.343105 0.000000
-2.199012 -0.347213 0.000000
-2.188968 -0.349342 0.000000
-2.179322 -0.354023 0.000000
-2.168511 -0.360590 0.000000
-2.157890 -0.364542 0.000000
-2.147738 -0.367091 0.000000
-2.137636 -0.370468 0.000000
-2.130627 -0.375132 0.000000
-2.119391 -0.388213 0.000000
-2.109948 -0.392747 0.000000
-2.097634 -0.394922 0.000000
-2.089473 -0.415375 0.000000
-2.104893 3.728108 0.000000
-1.995696 3.708940 0.000000
-1.709684 4.904270 0.000000
-1.574356 4.870791 0.000000
-1.443995 4.803224 0.000000
-1.547814 3.027434 0.000000
-1.455691 3.015478 0.000000
-1.362465 3.013669 0.000000
-0.884539 4.830118 0.000000
-1.972208 -0.365551 0.000000
-0.144854 0.310667 0.000000
-0.207246 0.221401 0.000000
-0.262262 0.142894 0.000000
-0.266007 0.088230 0.000000
-1.308168 -0.390881 0.000000
-1.299192 -0.408860 0.000000
-1.286884 -0.424751 0.000000
-1.327130 -0.455900 0.000000
-1.319436 -0.474843 0.000000
-1.294084 -0.489115 0.000000
-1.299229 -0.510181 0.000000
-1.300528 -0.528148 0.000000
-1.293533 -0.547312 0.000000
-1.275970 -0.564036 0.000000
-1.268344 -0.584592 0.000000
-1.254857 -0.602816 0.000000
-1.249296 -0.621556 0.000000
-1.249932 -0.642512 0.000000
-1.230836 -0.663182 0.000000
-1.163467 -0.685081 0.000000
-1.106260 -0.710523 0.000000
-1.109965 -0.734968 0.000000
-1.113977 -0.758785 0.000000
-1.100014 -0.783431 0.000000
-1.066103 -0.812971 0.000000
-1.010464 -0.848441 0.000000
0.008840 -1.081887 0.000000
0.058539 -1.147419 0.000000
0.052385 -1.203156 0.000000
0.055249 -1.261369 0.000000
2.953000 -2.348280 0.000000
2.264948 -2.236045 0.000000
1.809396 -2.181850 0.000000
1.455921 -2.144418 0.000000
1.146736 -2.108529 0.000000
0.877564 -2.077654 0.000000
0.633902 -2.044386 0.000000
0.422696 -2.013905 0.000000
0.239025 -1.992311 0.000000
0.077930 -1.970296 0.000000
-0.068336 -1.950769 0.000000
-0.186493 -1.942555 0.000000
-0.311916 -1.923357 0.000000
-0.416614 -1.910740 0.000000
-0.492940 -1.916098 0.000000
-0.496866 -1.978968 0.000000
-0.504994 -2.039818 0.000000
0.576345 -3.238377 0.000000
0.268299 -3.054774 0.000000
0.199795 -3.104861 0.000000
0.109207 -3.128933 0.000000
-0.095619 -3.013398 0.000000
-0.256596 -2.935542 0.000000
-0.177434 -3.156869 0.000000
-0.180548 -3.287306 0.000000
0.733908 -4.993680 0.000000
0.521250 -4.891393 0.000000
-0.569998 -5.102538 0.000000
-0.693088 -5.104275 0.000000
-0.776381 -5.231958 0.000000
-2.055728 -1.810923 0.000000
-2.085497 -1.789827 0.000000
-2.114210 -1.776245 0.000000
-2.142021 -1.777256 0.000000
-2.169976 -1.778334 0.000000
