x y z
-2.299543 -4.135903 0.000000
-2.497433 -4.127478 0.000000
-2.518524 -4.120813 0.000000
-2.530639 -4.109176 0.000000
-2.537690 -4.109514 0.000000
-2.546224 -4.101278 0.000000
-2.550341 -4.094740 0.000000
-2.551544 -4.093072 0.000000
-2.555222 -4.080411 0.000000
-2.605387 -4.086794 0.000000
-2.601269 -4.074924 0.000000
-2.617310 -4.076992 0.000000
-2.621166 -4.074101 0.000000
-2.624245 -4.070757 0.000000
-2.626536 -4.066989 0.000000
-2.628648 -4.063244 0.000000
-2.631088 -4.059638 0.000000
-2.633610 -4.056097 0.000000
-2.636214 -4.052622 0.000000
-2.640088 -4.050129 0.000000
-2.645451 -4.048737 0.000000
-2.652479 -4.047036 0.000000
-2.657540 -4.046010 0.000000
-2.661511 -4.044099 0.000000
-2.663973 -4.041019 0.000000
-2.666366 -4.037788 0.000000
-2.667796 -4.033532 0.000000
-2.668817 -4.028761 0.000000
-1.411085 -2.005033 0.000000
-1.411273 -1.890045 0.000000
-1.407088 -1.755191 0.000000
-1.391726 -1.592789 0.000000
-1.386791 -1.429979 0.000000
-1.366016 -1.220229 0.000000
-1.361053 -1.024832 0.000000
-1.343266 -0.780482 0.000000
-1.336889 -0.524266 0.000000
-1.312377 -0.195604 0.000000
-1.297398 0.150928 0.000000
-2.674039 -3.226571 0.000000
-2.701367 -3.261355 0.000000
-2.724342 -3.274524 0.000000
-2.746665 -3.294528 0.000000
-2.767789 -3.294585 0.000000
-2.787971 -3.287658 0.000000
-2.830329 -3.268540 0.000000
-2.852800 -3.256677 0.000000
-2.874982 -3.246810 0.000000
-2.898468 -3.235077 0.000000
-2.920974 -3.227764 0.000000
-2.946289 -3.223703 0.000000
-2.969168 -3.212661 0.000000
-3.026231 -3.276327 0.000000
-2.976926 -3.540849 0.000000
-2.997491 -3.526504 0.000000
-2.891057 -3.923699 0.000000
-2.894946 -3.922753 0.000000
-2.899792 -3.930149 0.000000
-2.909500 -3.936238 0.000000
-2.923349 -3.931674 0.000000
-2.931761 -3.932007 0.000000
-2.939553 -3.930020 0.000000
-2.945441 -3.928643 0.000000
-2.954662 -3.929814 0.000000
-2.963410 -3.925177 0.000000
-3.410438 -3.512819 0.000000
-3.395784 -3.557535 0.000000
-3.401762 -3.583401 0.000000
-3.396830 -3.615229 0.000000
-3.395925 -3.642944 0.000000
-3.397760 -3.663729 0.000000
-3.402406 -3.686777 0.000000
-3.408246 -3.703912 0.000000
-3.424619 -3.716318 0.000000
-3.441834 -3.726789 0.000000
-3.460037 -3.735858 0.000000
-3.480235 -3.746594 0.000000
-3.504790 -3.753791 0.000000
-3.529116 -3.764100 0.000000
-3.556701 -3.770847 0.000000
-3.583647 -3.781860 0.000000
-3.606289 -3.793688 0.000000
-3.663037 -3.791673 0.000000
-5.378544 -3.248340 0.000000
-5.383849 -3.314320 0.000000
-5.362959 -3.389641 0.000000
-5.416853 -3.440347 0.000000
-5.555643 -3.472821 0.000000
-6.030593 -3.434413 0.000000
-6.355674 -3.448714 0.000000
-7.945519 -3.251063 0.000000
-7.981031 -3.372839 0.000000
-6.981172 -3.836220 0.000000
-6.841980 -3.943408 0.000000
-6.531548 -4.051628 0.000000
-6.527685 -4.143608 0.000000
-6.545900 -4.231761 0.000000
-6.539162 -4.322830 0.000000
-6.545760 -4.503469 0.000000
-6.552563 -4.596548 0.000000
-5.796104 -4.659371 0.000000
-5.441816 -4.668745 0.000000
-4.949750 -4.687301 0.000000
-4.736636 -4.686489 0.000000
-4.583542 -4.693536 0.000000
-4.447893 -4.699163 0.000000
-4.451301 -4.744914 0.000000
-4.376691 -4.762320 0.000000
-4.276412 -4.766339 0.000000
-4.180625 -4.769256 0.000000
-4.100244 -4.773228 0.000000
-4.024818 -4.774050 0.000000
-3.959657 -4.778764 0.000000
-3.898211 -4.783190 0.000000
-3.837898 -4.784447 0.000000
-3.785237 -4.785607 0.000000
-3.735046 -4.788529 0.000000
-3.691238 -4.790113 0.000000
-3.645744 -4.792070 0.000000
-3.603683 -4.793667 0.000000
-3.564741 -4.794294 0.000000
-3.527617 -4.795293 0.000000
-3.493527 -4.797208 0.000000
-3.459987 -4.797653 0.000000
-3.428452 -4.799146 0.000000
-3.399893 -4.799054 0.000000
-3.369389 -4.800081 0.000000
-3.342352 -4.799283 0.000000
-3.313537 -4.799661 0.000000
-3.289976 -4.800887 0.000000
-3.267607 -4.803773 0.000000
-3.242347 -4.803524 0.000000
-3.220104 -4.804531 0.000000
-3.199553 -4.807173 0.000000
-3.176286 -4.807705 0.000000
-3.156416 -4.808861 0.000000
-3.136290 -4.809955 0.000000
-3.115795 -4.810734 0.000000
-3.096736 -4.811693 0.000000
-3.077049 -4.813283 0.000000
-3.058746 -4.813779 0.000000
-3.041757 -4.814132 0.000000
-3.024063 -4.815154 0.000000
-3.004123 -4.816490 0.000000
-2.987149 -4.818197 0.000000
-2.969485 -4.816824 0.000000
-2.953100 -4.818579 0.000000
-2.935932 -4.818063 0.000000
-2.919150 -4.819351 0.000000
-2.902846 -4.820644 0.000000
-2.887140 -4.821703 0.000000
-2.871749 -4.821850 0.000000
-2.854296 -4.822618 0.000000
-2.836842 -4.822681 0.000000
-2.822976 -4.823603 0.000000
-2.806392 -4.825577 0.000000
-2.788615 -4.823646 0.000000
-2.773238 -4.825793 0.000000
-2.758663 -4.828122 0.000000
-2.742483 -4.827534 0.000000
-2.725064 -4.830212 0.000000
-2.709768 -4.830432 0.000000
-2.692855 -4.830848 0.000000
-2.674833 -4.831430 0.000000
-2.659354 -4.832788 0.000000
-2.642095 -4.833442 0.000000
-2.625315 -4.835334 0.000000
-2.607011 -4.835940 0.000000
-2.590271 -4.835759 0.000000
-2.572629 -4.837794 0.000000
-2.554686 -4.839074 0.000000
-2.534458 -4.840447 0.000000
-2.517278 -4.841169 0.000000
-2.496561 -4.841675 0.000000
-2.478270 -4.842744 0.000000
-2.456952 -4.844479 0.000000
-2.436310 -4.846054 0.000000
-2.414689 -4.847497 0.000000
-2.392295 -4.847435 0.000000
-2.369983 -4.848321 0.000000
-2.347032 -4.851249 0.000000
-2.323162 -4.851906 0.000000
-2.297064 -4.855026 0.000000
-2.271562 -4.855544 0.000000
-2.244431 -4.857369 0.000000
-2.217394 -4.859308 0.000000
-2.187105 -4.861861 0.000000
-2.157074 -4.862974 0.000000
-2.123947 -4.865991 0.000000
-2.089718 -4.866527 0.000000
-2.054233 -4.868160 0.000000
-2.016380 -4.873418 0.000000
-1.976160 -4.873834 0.000000
-1.934005 -4.879084 0.000000
-1.891222 -4.879228 0.000000
-1.843607 -4.883134 0.000000
-1.788133 -4.889328 0.000000
-1.736376 -4.890146 0.000000
-1.678012 -4.893393 0.000000
-1.614753 -4.896087 0.000000
-1.547351 -4.897773 0.000000
-1.473966 -4.901043 0.000000
-1.390933 -4.908036 0.000000
-1.305746 -4.909288 0.000000
-1.276982 -4.879388 0.000000
-1.308275 -4.819250 0.000000
-1.291242 -4.785205 0.000000
-2.006737 -4.427364 0.000000
-1.999138 -4.407116 0.000000
-1.991441 -4.388958 0.000000
-1.985853 -4.370120 0.000000
-1.981090 -4.350592 0.000000
-1.977338 -4.332230 0.000000
-1.973702 -4.312248 0.000000
-1.970882 -4.292598 0.000000
-1.969956 -4.272244 0.000000
-1.969618 -4.252595 0.000000
-1.970292 -4.233393 0.000000
-1.970010 -4.212144 0.000000
-1.972413 -4.193726 0.000000
