x y z
1.779805 3.283815 0.000000
1.752106 3.323856 0.000000
1.720829 3.364993 0.000000
1.687126 3.401776 0.000000
1.650354 3.423379 0.000000
1.609495 3.426352 0.000000
1.568969 3.421486 0.000000
1.530158 3.416780 0.000000
1.491195 3.425407 0.000000
1.450909 3.415582 0.000000
1.410738 3.424248 0.000000
1.370561 3.422655 0.000000
1.330443 3.420055 0.000000
1.290382 3.430512 0.000000
1.250830 3.427246 0.000000
1.211316 3.426287 0.000000
1.169203 3.431276 0.000000
1.129162 3.427232 0.000000
1.087414 3.425901 0.000000
1.046123 3.426719 0.000000
1.002079 3.430451 0.000000
0.959344 3.430367 0.000000
0.914457 3.431947 0.000000
0.869919 3.434397 0.000000
0.827550 3.428855 0.000000
0.780181 3.430443 0.000000
0.730527 3.434770 0.000000
0.683287 3.435723 0.000000
0.634387 3.434442 0.000000
0.584525 3.435950 0.000000
0.531284 3.438968 0.000000
0.477915 3.437442 0.000000
0.429476 3.427613 0.000000
0.427273 3.342395 0.000000
0.373267 3.341093 0.000000
0.319285 3.338147 0.000000
0.259490 3.339447 0.000000
0.209186 3.325424 0.000000
0.210825 3.249668 0.000000
0.206257 3.182817 0.000000
0.204977 3.115971 0.000000
0.204420 3.055190 0.000000
0.202382 2.996725 0.000000
0.203610 2.936098 0.000000
0.202186 2.881723 0.000000
0.201669 2.831094 0.000000
0.199449 2.779924 0.000000
0.198462 2.732368 0.000000
0.201083 2.679945 0.000000
0.195222 2.638503 0.000000
0.195963 2.594025 0.000000
0.199364 2.551212 0.000000
0.196993 2.511168 0.000000
0.196061 2.471355 0.000000
0.197736 2.430825 0.000000
0.195413 2.391966 0.000000
0.193606 2.355700 0.000000
0.193424 2.319855 0.000000
0.193611 2.282620 0.000000
0.190488 2.249130 0.000000
0.198616 2.212888 0.000000
0.194965 2.179865 0.000000
0.189523 2.147597 0.000000
0.096872 2.137347 0.000000
0.149693 2.090176 0.000000
0.145583 2.057217 0.000000
0.148925 2.022830 0.000000
0.144026 1.992110 0.000000
0.145024 1.957853 0.000000
0.143075 1.925850 0.000000
0.147634 1.893162 0.000000
0.141245 1.860408 0.000000
0.188939 1.827835 0.000000
0.189205 1.795317 0.000000
0.190718 1.764891 0.000000
0.186781 1.733402 0.000000
0.187123 1.702015 0.000000
0.187836 1.669845 0.000000
0.184624 1.637289 0.000000
0.185097 1.605672 0.000000
0.180344 1.573497 0.000000
0.182350 1.541924 0.000000
0.181121 1.507844 0.000000
0.181631 1.473378 0.000000
0.181096 1.439258 0.000000
0.184807 1.405996 0.000000
0.180326 1.369826 0.000000
0.176605 1.333881 0.000000
0.177202 1.296034 0.000000
0.179749 1.260331 0.000000
0.180455 1.222250 0.000000
0.177572 1.183207 0.000000
0.174011 1.141813 0.000000
0.172621 1.100830 0.000000
0.176101 1.059673 0.000000
0.174504 1.015649 0.000000
0.177848 0.973462 0.000000
0.173114 0.924326 0.000000
0.177123 0.879185 0.000000
0.168816 0.827383 0.000000
0.170591 0.776349 0.000000
0.171111 0.722176 0.000000
0.170824 0.667429 0.000000
0.168943 0.607390 0.000000
0.170845 0.547471 0.000000
0.169013 0.483595 0.000000
0.169917 0.415531 0.000000
0.166292 0.341645 0.000000
0.164495 0.264714 0.000000
0.173058 0.194429 0.000000
0.237658 0.193651 0.000000
0.296107 0.190293 0.000000
0.354240 0.185331 0.000000
0.414167 0.190857 0.000000
0.467453 0.185709 0.000000
0.524223 0.188043 0.000000
0.574788 0.178664 0.000000
0.630311 0.186692 0.000000
0.676452 0.177210 0.000000
0.728402 0.181185 0.000000
0.773032 0.174300 0.000000
0.824758 0.182195 0.000000
0.867083 0.172915 0.000000
0.913788 0.178045 0.000000
0.957811 0.174128 0.000000
1.001112 0.169207 0.000000
1.045996 0.172221 0.000000
1.090034 0.170135 0.000000
1.132253 0.170294 0.000000
1.175593 0.174092 0.000000
1.216760 0.172703 0.000000
1.257948 0.169306 0.000000
1.299391 0.174697 0.000000
1.339853 0.164376 0.000000
1.380694 0.165813 0.000000
1.422328 0.169991 0.000000
1.463765 0.170713 0.000000
1.504471 0.166444 0.000000
1.546103 0.166482 0.000000
1.587428 0.166283 0.000000
1.628742 0.167862 0.000000
1.670957 0.167316 0.000000
1.713747 0.162349 0.000000
1.755146 0.160449 0.000000
1.797909 0.165446 0.000000
1.794594 0.371838 0.000000
1.695745 0.924701 0.000000
1.712714 0.948186 0.000000
1.721704 0.992026 0.000000
1.733683 1.028787 0.000000
1.758039 1.020898 0.000000
1.785062 1.011096 0.000000
1.819685 0.980601 0.000000
1.892338 0.873953 0.000000
1.897739 0.924736 0.000000
1.914300 0.946618 0.000000
2.128875 0.732392 0.000000
2.129584 0.790897 0.000000
2.130040 0.846018 0.000000
2.129468 0.900204 0.000000
2.128380 0.946844 0.000000
2.128642 0.991293 0.000000
2.127315 1.034035 0.000000
2.128404 1.072481 0.000000
2.126963 1.111900 0.000000
2.126947 1.145931 0.000000
2.125996 1.181681 0.000000
2.126694 1.213178 0.000000
2.124990 1.246292 0.000000
2.128027 1.270387 0.000000
2.127558 1.300572 0.000000
2.125703 1.329099 0.000000
2.127588 1.353932 0.000000
2.125945 1.377116 0.000000
2.127805 1.402020 0.000000
2.126228 1.424709 0.000000
2.127532 1.446824 0.000000
2.127022 1.471453 0.000000
2.125239 1.492539 0.000000
2.126285 1.512451 0.000000
2.124776 1.533278 0.000000
2.123256 1.554671 0.000000
2.125353 1.575075 0.000000
2.123843 1.593506 0.000000
2.124341 1.612175 0.000000
2.125177 1.631888 0.000000
2.124638 1.650315 0.000000
2.126649 1.667321 0.000000
2.127710 1.684236 0.000000
2.127779 1.702174 0.000000
2.128037 1.719358 0.000000
2.128050 1.737973 0.000000
2.128392 1.754741 0.000000
2.129265 1.770655 0.000000
2.122379 1.788993 0.000000
2.118237 1.805944 0.000000
2.117924 1.822674 0.000000
2.117666 1.840494 0.000000
2.117774 1.856689 0.000000
2.118973 1.873197 0.000000
2.118634 1.888554 0.000000
2.119137 1.906498 0.000000
2.117790 1.923553 0.000000
2.117390 1.941406 0.000000
2.118040 1.958086 0.000000
2.118644 1.974368 0.000000
2.118969 1.992342 0.000000
2.119397 2.010195 0.000000
2.118480 2.029311 0.000000
2.119428 2.046045 0.000000
2.119640 2.065301 0.000000
2.119145 2.084435 0.000000
2.119725 2.103074 0.000000
2.120092 2.122454 0.000000
2.120314 2.141751 0.000000
2.120799 2.164632 0.000000
2.122267 2.185605 0.000000
2.123475 2.209241 0.000000
2.127382 2.232741 0.000000
2.126352 2.255789 0.000000
2.128244 2.279874 0.000000
2.129198 2.305835 0.000000
2.129919 2.329996 0.000000
2.129962 2.357192 0.000000
2.128564 2.384919 0.000000
2.131338 2.413456 0.000000
2.131906 2.446027 0.000000
2.134466 2.478164 0.000000
2.136052 2.511654 0.000000
2.137983 2.547204 0.000000
2.139577 2.584706 0.000000
2.143036 2.627792 0.000000
2.144002 2.672460 0.000000
2.146166 2.716579 0.000000
2.150706 2.768818 0.000000
2.148356 2.815654 0.000000
2.147473 2.867299 0.000000
2.114713 2.874702 0.000000
2.093037 2.896091 0.000000
2.072890 2.925015 0.000000
2.051809 2.950129 0.000000
2.029010 2.977826 0.000000
2.007981 3.004311 0.000000
1.984815 3.034815 0.000000
1.959837 3.058654 0.000000
1.935245 3.088216 0.000000
1.910437 3.118832 0.000000
1.885367 3.149457 0.000000
1.858940 3.177831 0.000000
1.835600 3.217755 0.000000
1.807976 3.255147 0.000000
