x y z
-3.193051 -3.761845 0.000000
-3.221421 -3.749008 0.000000
-3.249225 -3.747976 0.000000
-3.248214 -3.767364 0.000000
-3.252062 -3.769562 0.000000
-3.260610 -3.772152 0.000000
-3.267137 -3.778183 0.000000
-3.272345 -3.780127 0.000000
-3.325336 -3.781379 0.000000
-5.847918 -2.845154 0.000000
-6.033153 -2.853076 0.000000
-6.878550 -2.654299 0.000000
-7.200868 -2.656423 0.000000
-7.550612 -2.666261 0.000000
-4.202748 -3.650993 0.000000
-4.151131 -3.687465 0.000000
-4.138793 -3.715743 0.000000
-4.136260 -3.741117 0.000000
-3.428368 -3.856659 0.000000
-4.149085 -3.790522 0.000000
-4.148975 -3.815742 0.000000
-4.154748 -3.840723 0.000000
-4.166654 -3.863914 0.000000
-4.158756 -3.889307 0.000000
-4.157231 -3.914892 0.000000
-4.166881 -3.940054 0.000000
-4.184632 -3.966473 0.000000
-4.249336 -3.999789 0.000000
-6.771964 -4.317494 0.000000
-4.043104 -4.025359 0.000000
-3.996996 -4.040274 0.000000
-3.970723 -4.057604 0.000000
-3.955207 -4.076921 0.000000
-3.946029 -4.096438 0.000000
-3.991123 -4.151067 0.000000
-3.958857 -4.164799 0.000000
-3.981597 -4.195990 0.000000
-4.010825 -4.229174 0.000000
-3.334259 -3.992637 0.000000
-3.330636 -3.996472 0.000000
-3.326843 -4.000862 0.000000
-3.324135 -4.006552 0.000000
-3.325357 -4.013303 0.000000
-3.323216 -4.025809 0.000000
-3.325378 -4.028763 0.000000
-3.325473 -4.037641 0.000000
-3.325387 -4.047629 0.000000
-3.322888 -4.054737 0.000000
-6.049830 -7.868840 0.000000
-5.904311 -7.870610 0.000000
-5.823110 -7.962357 0.000000
-5.784729 -8.120082 0.000000
-4.138501 -6.550634 0.000000
-4.057898 -6.533948 0.000000
-3.964298 -6.470745 0.000000
-3.901658 -6.490384 0.000000
-4.013874 -7.123023 0.000000
-3.888392 -6.962703 0.000000
-3.808594 -6.956476 0.000000
-3.772880 -7.151155 0.000000
-3.705992 -7.239787 0.000000
-3.661937 -7.478009 0.000000
-3.829733 -9.394192 0.000000
-3.689761 -9.355467 0.000000
-3.537000 -9.107532 0.000000
-3.142489 -7.938438 0.000000
-3.043863 -7.931916 0.000000
-2.958408 -7.591003 0.000000
-2.869176 -7.586182 0.000000
-2.775818 -7.626529 0.000000
-2.686782 -7.608623 0.000000
-2.498817 -7.639549 0.000000
-2.527558 -6.963298 0.000000
-2.423416 -6.746628 0.000000
-2.540590 -6.008550 0.000000
-2.451976 -5.933190 0.000000
-2.452898 -5.762376 0.000000
-2.457062 -5.610670 0.000000
-2.457497 -5.490832 0.000000
-2.464419 -5.362759 0.000000
-2.406452 -5.398091 0.000000
-2.405803 -5.302143 0.000000
-2.408331 -5.211361 0.000000
-2.410771 -5.129917 0.000000
-2.411645 -5.058901 0.000000
-2.412656 -4.991325 0.000000
-2.413955 -4.933023 0.000000
-2.418361 -4.871391 0.000000
-2.418759 -4.819139 0.000000
-2.416978 -4.771150 0.000000
-2.419171 -4.723719 0.000000
-2.420182 -4.680575 0.000000
-2.421720 -4.639324 0.000000
-2.423399 -4.601405 0.000000
-2.424636 -4.563239 0.000000
-2.425916 -4.529183 0.000000
-2.427010 -4.495531 0.000000
-2.429274 -4.465710 0.000000
-2.431102 -4.434989 0.000000
-2.431669 -4.405378 0.000000
-2.433141 -4.378900 0.000000
-2.434626 -4.351164 0.000000
-2.434207 -4.326301 0.000000
-2.434389 -4.301858 0.000000
-2.433114 -4.279315 0.000000
-2.436420 -4.256734 0.000000
-2.436418 -4.234514 0.000000
-2.434845 -4.212515 0.000000
-2.434881 -4.192068 0.000000
-2.436532 -4.169822 0.000000
-2.435321 -4.152381 0.000000
-2.436752 -4.133115 0.000000
-2.435458 -4.113158 0.000000
-2.437734 -4.095203 0.000000
-2.438911 -4.074934 0.000000
-2.436781 -4.059540 0.000000
-2.437875 -4.041254 0.000000
-2.438272 -4.022438 0.000000
-2.440388 -4.004671 0.000000
-2.438713 -3.987457 0.000000
-2.439729 -3.971794 0.000000
-2.440061 -3.953939 0.000000
-2.439710 -3.937210 0.000000
-2.439912 -3.922355 0.000000
-2.440581 -3.905505 0.000000
-2.441161 -3.888367 0.000000
-2.440676 -3.871833 0.000000
-2.441815 -3.856782 0.000000
-2.441582 -3.840791 0.000000
-2.442604 -3.822998 0.000000
-2.441646 -3.807223 0.000000
-2.442053 -3.791494 0.000000
-2.443778 -3.774392 0.000000
-2.442951 -3.758515 0.000000
-2.444499 -3.741415 0.000000
-2.442627 -3.725590 0.000000
-2.444730 -3.708548 0.000000
-2.443252 -3.692013 0.000000
-2.443169 -3.674623 0.000000
-2.443474 -3.656501 0.000000
-2.444739 -3.638439 0.000000
-2.443944 -3.619981 0.000000
-2.444533 -3.603189 0.000000
-2.445468 -3.585194 0.000000
-2.443595 -3.564057 0.000000
-2.444261 -3.544472 0.000000
-2.444452 -3.526749 0.000000
-2.445229 -3.507070 0.000000
-2.445130 -3.484719 0.000000
-2.444733 -3.464270 0.000000
-2.444355 -3.441710 0.000000
-2.444596 -3.418578 0.000000
-2.446373 -3.397970 0.000000
-2.444730 -3.372555 0.000000
-2.446642 -3.346573 0.000000
-2.445493 -3.320455 0.000000
-2.446459 -3.294467 0.000000
-2.444428 -3.265407 0.000000
-2.445893 -3.236946 0.000000
-2.445694 -3.204854 0.000000
-2.445172 -3.173476 0.000000
-2.446884 -3.138997 0.000000
-2.446268 -3.105029 0.000000
-2.446866 -3.068057 0.000000
-2.447137 -3.027588 0.000000
-2.445466 -2.984009 0.000000
-2.447326 -2.941965 0.000000
-2.447258 -2.893781 0.000000
-2.446775 -2.843329 0.000000
-2.447343 -2.788230 0.000000
-2.447301 -2.730510 0.000000
-2.921613 -3.484912 0.000000
-3.008635 -3.619783 0.000000
-3.020714 -3.631057 0.000000
-3.050168 -3.673841 0.000000
-3.057917 -3.682147 0.000000
-3.063980 -3.686383 0.000000
-3.076927 -3.713506 0.000000
-3.087501 -3.730139 0.000000
-3.087766 -3.728815 0.000000
-3.101226 -3.731683 0.000000
-3.106163 -3.736804 0.000000
-3.112226 -3.740556 0.000000
-3.119786 -3.740383 0.000000
-3.123439 -3.740578 0.000000
-3.124695 -3.740920 0.000000
-3.125940 -3.740520 0.000000
-3.131570 -3.741636 0.000000
