x y z
-2.228277 -1.794517 0.000000
-2.265693 -1.857163 0.000000
-2.304281 -1.900966 0.000000
-2.342429 -1.941051 0.000000
-2.556857 -2.383734 0.000000
-2.556565 -2.218170 0.000000
-2.450053 -1.638633 0.000000
-2.475213 -1.626852 0.000000
-2.503500 -1.628154 0.000000
-2.437705 -1.403030 0.000000
-2.441197 -1.355290 0.000000
-2.453268 -1.337504 0.000000
-2.468005 -1.322024 0.000000
-2.487044 -1.318469 0.000000
-2.500892 -1.302945 0.000000
-2.521872 -1.298584 0.000000
-2.537401 -1.288255 0.000000
-2.555000 -1.277440 0.000000
-2.564350 -1.257780 0.000000
-2.583505 -1.250158 0.000000
-2.594659 -1.235553 0.000000
-2.307756 -0.851561 0.000000
-2.305054 -0.841144 0.000000
-2.302014 -0.828370 0.000000
-2.303396 -0.813255 0.000000
-2.301532 -0.800975 0.000000
-2.296757 -0.794119 0.000000
-2.297591 -0.783071 0.000000
-2.299810 -0.770225 0.000000
-2.298334 -0.766081 0.000000
-2.301172 -0.758686 0.000000
-2.301445 -0.754788 0.000000
-2.302995 -0.749525 0.000000
-2.306139 -0.743653 0.000000
-2.309842 -0.736197 0.000000
-2.311818 -0.733145 0.000000
-2.316062 -0.728502 0.000000
-2.322039 -0.720417 0.000000
-2.327248 -0.717167 0.000000
-2.332337 -0.713203 0.000000
-2.337877 -0.708256 0.000000
-2.343224 -0.704329 0.000000
-2.654815 -0.815368 0.000000
-2.690052 -0.812441 0.000000
-2.664072 -0.788822 0.000000
-2.563093 -0.741619 0.000000
-2.563538 -0.730328 0.000000
-2.567576 -0.720193 0.000000
-2.576095 -0.709061 0.000000
-2.581960 -0.698463 0.000000
-2.591401 -0.685020 0.000000
-2.603579 -0.675987 0.000000
-2.618030 -0.663614 0.000000
-2.636048 -0.653950 0.000000
-2.657954 -0.639802 0.000000
-2.900758 -0.635245 0.000000
-2.901356 -0.615093 0.000000
-2.899244 -0.595898 0.000000
-2.897479 -0.573860 0.000000
-2.895931 -0.555143 0.000000
-2.891337 -0.535665 0.000000
-2.892947 -0.513615 0.000000
-2.890990 -0.494851 0.000000
-2.889448 -0.475269 0.000000
-2.883968 -0.453943 0.000000
-2.883066 -0.435872 0.000000
-2.880936 -0.413803 0.000000
-2.879338 -0.394650 0.000000
-2.876128 -0.372743 0.000000
-2.875122 -0.351284 0.000000
-2.339418 -0.518269 0.000000
-2.326630 -0.509032 0.000000
-2.322713 -0.505354 0.000000
-2.318938 -0.499598 0.000000
-2.317441 -0.496037 0.000000
-2.309466 -0.494936 0.000000
-2.306541 -0.485331 0.000000
-2.307943 -0.479845 0.000000
-2.341941 -0.433312 0.000000
-2.818923 0.129311 0.000000
-2.814319 0.163062 0.000000
-2.809588 0.197406 0.000000
-2.807180 0.233888 0.000000
-2.802955 0.274596 0.000000
-2.798880 0.313684 0.000000
-2.794368 0.357873 0.000000
-2.248369 -0.345895 0.000000
-2.236900 -0.347666 0.000000
-2.235130 -0.335280 0.000000
-2.226905 -0.338810 0.000000
-2.213758 -0.341937 0.000000
-2.205056 -0.345348 0.000000
-2.194209 -0.351048 0.000000
-2.181715 -0.356951 0.000000
-2.170357 -0.358595 0.000000
-2.162291 -0.362538 0.000000
-2.154434 -0.366186 0.000000
-2.144375 -0.373365 0.000000
-2.133654 -0.385011 0.000000
-2.130786 -0.388823 0.000000
-2.114577 -0.397158 0.000000
-2.106794 -0.420270 0.000000
-2.039946 3.764430 0.000000
-1.932728 3.678114 0.000000
-1.756607 4.928513 0.000000
-1.481809 4.899447 0.000000
-1.583134 3.049067 0.000000
-1.495695 3.018758 0.000000
-1.402972 3.009843 0.000000
-1.308118 3.018550 0.000000
-1.998548 -0.358218 0.000000
-1.679828 -0.398484 0.000000
-0.192180 0.256394 0.000000
-0.248376 0.174442 0.000000
-0.289881 0.102483 0.000000
-0.271012 0.058635 0.000000
-0.226799 0.023591 0.000000
-0.180987 -0.013638 0.000000
-0.112240 -0.042821 0.000000
-0.035203 -0.076189 0.000000
0.011906 -0.117834 0.000000
-1.383734 -0.549571 0.000000
-1.246249 -0.590603 0.000000
-1.371883 -0.618408 0.000000
-1.361540 -0.637077 0.000000
-1.351600 -0.653457 0.000000
-1.362917 -0.672170 0.000000
-1.405953 -0.689038 0.000000
-1.414434 -0.704109 0.000000
-1.374362 -0.724846 0.000000
-1.335494 -0.747972 0.000000
-1.333910 -0.767277 0.000000
-1.324741 -0.788390 0.000000
-1.288772 -0.814756 0.000000
-1.258091 -0.843144 0.000000
-1.249036 -0.867309 0.000000
-1.211830 -0.901161 0.000000
2.511347 -2.300301 0.000000
2.002225 -2.234143 0.000000
1.600820 -2.184764 0.000000
1.304290 -2.161252 0.000000
0.994170 -2.117679 0.000000
0.725894 -2.075512 0.000000
0.490949 -2.040578 0.000000
0.305515 -2.018403 0.000000
0.129360 -1.992654 0.000000
-0.024201 -1.970877 0.000000
-0.154160 -1.956710 0.000000
-0.257078 -1.955707 0.000000
-0.397627 -1.920666 0.000000
-0.495387 -1.911334 0.000000
-0.520425 -1.955120 0.000000
-0.535990 -2.008648 0.000000
0.255438 -3.034451 0.000000
0.195773 -3.093981 0.000000
0.114604 -3.127995 0.000000
-0.006826 -3.110499 0.000000
-0.291546 -2.888990 0.000000
-0.311622 -2.981153 0.000000
-0.225588 -3.221810 0.000000
0.374693 -4.867306 0.000000
0.140459 -4.946522 0.000000
-0.164653 -5.152172 0.000000
-0.699418 -5.073705 0.000000
-0.810629 -5.104901 0.000000
-0.853058 -5.396038 0.000000
-2.073439 -1.819188 0.000000
-2.103258 -1.793459 0.000000
-2.131401 -1.774017 0.000000
-2.157516 -1.766744 0.000000
-2.184973 -1.767520 0.000000
-2.215746 -1.777084 0.000000
