x y z
-2.386762 -3.747897 0.000000
-2.405496 -3.744692 0.000000
-2.430095 -3.742385 0.000000
-2.428791 -3.740250 0.000000
-2.428554 -3.729848 0.000000
-2.401158 -3.696736 0.000000
-2.403272 -3.691636 0.000000
-2.404208 -3.685252 0.000000
-2.408360 -3.675638 0.000000
-2.413143 -3.668428 0.000000
-2.442268 -3.680083 0.000000
-2.444605 -3.670564 0.000000
-2.440439 -3.662684 0.000000
-2.434779 -3.649838 0.000000
-2.433076 -3.640278 0.000000
-2.440965 -3.632743 0.000000
-2.432411 -3.609281 0.000000
-2.436946 -3.598724 0.000000
-2.438057 -3.590900 0.000000
-2.440465 -3.580635 0.000000
-2.436109 -3.539924 0.000000
-2.449723 -3.511261 0.000000
-2.454228 -3.505071 0.000000
-2.457393 -3.489165 0.000000
-2.455383 -3.468571 0.000000
-2.463377 -3.463486 0.000000
-2.472026 -3.452560 0.000000
-2.472471 -3.391220 0.000000
-2.477842 -3.369553 0.000000
-1.846616 -1.752824 0.000000
-2.304009 -2.787332 0.000000
-2.354156 -2.846933 0.000000
-2.416149 -2.952095 0.000000
-2.460858 -3.022204 0.000000
-2.504442 -3.103615 0.000000
-2.529242 -3.122008 0.000000
-2.548690 -3.132574 0.000000
-2.569217 -3.147677 0.000000
-2.588654 -3.164145 0.000000
-2.605076 -3.149923 0.000000
-2.623810 -3.168839 0.000000
-2.643367 -3.199150 0.000000
-2.660976 -3.225761 0.000000
-2.674611 -3.215369 0.000000
-2.690597 -3.207045 0.000000
-2.705785 -3.209600 0.000000
-2.721174 -3.200515 0.000000
-2.738447 -3.168852 0.000000
-2.759785 -3.543091 0.000000
-2.904415 -2.805369 0.000000
-2.928964 -2.812138 0.000000
-2.950214 -2.831338 0.000000
-2.998243 -2.847760 0.000000
-3.018500 -2.869403 0.000000
-3.036227 -2.891086 0.000000
-3.056653 -2.909347 0.000000
-3.076754 -2.924380 0.000000
-3.097109 -2.938810 0.000000
-3.118226 -2.949279 0.000000
-3.147452 -2.945150 0.000000
-3.182325 -2.978932 0.000000
-3.219618 -2.964685 0.000000
-3.290207 -2.894081 0.000000
-2.848030 -3.648499 0.000000
-2.853031 -3.649802 0.000000
-2.853524 -3.656241 0.000000
-2.861307 -3.664249 0.000000
-2.877811 -3.665479 0.000000
-2.882170 -3.664316 0.000000
-2.892191 -3.666234 0.000000
-2.897702 -3.665393 0.000000
-2.905031 -3.668044 0.000000
-2.918174 -3.669116 0.000000
-3.136341 -3.521522 0.000000
-3.111700 -3.556634 0.000000
-3.100249 -3.578390 0.000000
-3.090692 -3.600976 0.000000
-3.092031 -3.613229 0.000000
-3.096276 -3.625677 0.000000
-3.098967 -3.636375 0.000000
-3.103408 -3.646683 0.000000
-3.110614 -3.654645 0.000000
-3.117474 -3.662359 0.000000
-3.125412 -3.672704 0.000000
-3.135488 -3.681109 0.000000
-3.148012 -3.686649 0.000000
-3.163885 -3.694261 0.000000
-5.617332 -3.178354 0.000000
-5.519951 -3.271576 0.000000
-5.486564 -3.347937 0.000000
-5.524201 -3.412045 0.000000
-8.522135 -3.215885 0.000000
-6.082395 -3.571487 0.000000
-5.883349 -3.666248 0.000000
-5.806155 -3.743846 0.000000
-5.983867 -3.815589 0.000000
-6.080813 -3.896270 0.000000
-6.243217 -3.983294 0.000000
-8.219120 -4.177690 0.000000
-7.905091 -4.287492 0.000000
-6.832636 -4.608730 0.000000
-6.653778 -4.674643 0.000000
-6.366433 -4.709244 0.000000
-6.319203 -4.789644 0.000000
-6.314909 -4.882140 0.000000
-6.250511 -4.956929 0.000000
-6.215907 -5.233141 0.000000
-5.445567 -5.091336 0.000000
-5.112964 -5.015944 0.000000
-4.625367 -4.902813 0.000000
-4.445078 -4.861810 0.000000
-4.284846 -4.824017 0.000000
-4.153792 -4.792861 0.000000
-4.142159 -4.837460 0.000000
-4.071045 -4.837909 0.000000
-3.967306 -4.813066 0.000000
-3.881311 -4.796629 0.000000
-3.800203 -4.778129 0.000000
-3.726534 -4.761796 0.000000
-3.660591 -4.747123 0.000000
-3.601266 -4.735873 0.000000
-3.543990 -4.720710 0.000000
-3.492613 -4.709278 0.000000
-3.443898 -4.700495 0.000000
-3.396499 -4.689211 0.000000
-3.353654 -4.678114 0.000000
-3.312833 -4.668735 0.000000
-3.277032 -4.660737 0.000000
-3.241440 -4.652186 0.000000
-3.206594 -4.643316 0.000000
-3.173982 -4.635570 0.000000
-3.143668 -4.630416 0.000000
-3.113362 -4.623706 0.000000
-3.084857 -4.615096 0.000000
-3.059326 -4.610850 0.000000
-3.031750 -4.603117 0.000000
-3.007745 -4.596228 0.000000
-2.983640 -4.591848 0.000000
-2.961152 -4.588699 0.000000
-2.938359 -4.581688 0.000000
-2.917625 -4.580343 0.000000
-2.895954 -4.575900 0.000000
-2.875318 -4.570927 0.000000
-2.856491 -4.565306 0.000000
-2.836484 -4.562601 0.000000
-2.818740 -4.558216 0.000000
-2.799299 -4.554731 0.000000
-2.779799 -4.549759 0.000000
-2.762683 -4.545294 0.000000
-2.746482 -4.541365 0.000000
-2.727308 -4.537767 0.000000
-2.711234 -4.534545 0.000000
-2.693264 -4.530730 0.000000
-2.677545 -4.527728 0.000000
-2.661781 -4.524362 0.000000
-2.644291 -4.521024 0.000000
-2.629269 -4.516182 0.000000
-2.612196 -4.513028 0.000000
-2.596967 -4.510431 0.000000
-2.580604 -4.505778 0.000000
-2.564866 -4.502332 0.000000
-2.549363 -4.500584 0.000000
-2.534827 -4.498432 0.000000
-2.517325 -4.492871 0.000000
-2.502484 -4.488848 0.000000
-2.487223 -4.486160 0.000000
-2.470721 -4.484003 0.000000
-2.454118 -4.481125 0.000000
-2.439620 -4.477558 0.000000
-2.423086 -4.473339 0.000000
-2.406240 -4.470440 0.000000
-2.390062 -4.467415 0.000000
-2.372634 -4.463070 0.000000
-2.355722 -4.459353 0.000000
-2.340771 -4.455997 0.000000
-2.322763 -4.452509 0.000000
-2.305612 -4.449653 0.000000
-2.287038 -4.444827 0.000000
-2.268770 -4.441792 0.000000
-2.251110 -4.439344 0.000000
-2.232008 -4.433169 0.000000
-2.214080 -4.430213 0.000000
-2.192391 -4.427907 0.000000
-2.171420 -4.421993 0.000000
-2.152242 -4.418775 0.000000
-2.130511 -4.415053 0.000000
-2.106671 -4.410734 0.000000
-2.085215 -4.405696 0.000000
-2.062716 -4.399627 0.000000
-2.037349 -4.396428 0.000000
-2.012231 -4.390495 0.000000
-1.984463 -4.384436 0.000000
-1.956215 -4.378509 0.000000
-1.927199 -4.373209 0.000000
-1.898137 -4.368335 0.000000
-1.867098 -4.359541 0.000000
-1.832036 -4.355034 0.000000
-1.797031 -4.347126 0.000000
-1.759344 -4.341470 0.000000
-1.721568 -4.333997 0.000000
-1.681566 -4.324727 0.000000
-1.637574 -4.314900 0.000000
-1.589096 -4.308236 0.000000
-1.537932 -4.298131 0.000000
-1.484437 -4.287788 0.000000
-1.426464 -4.275579 0.000000
-1.370545 -4.261765 0.000000
-1.301955 -4.247719 0.000000
-1.229353 -4.231278 0.000000
-1.146249 -4.215892 0.000000
-1.065324 -4.196415 0.000000
-1.034063 -4.160991 0.000000
-1.087561 -4.111096 0.000000
-1.087218 -4.071425 0.000000
-1.063826 -4.035184 0.000000
-1.854418 -3.909913 0.000000
-2.333530 -3.837121 0.000000
-2.362081 -3.827977 0.000000
-2.378026 -3.820893 0.000000
-2.395917 -3.814146 0.000000
-2.397071 -3.806214 0.000000
-2.402221 -3.801757 0.000000
-2.412591 -3.795482 0.000000
-2.416930 -3.788654 0.000000
-2.414277 -3.781929 0.000000
-2.415224 -3.774741 0.000000
-2.410259 -3.766173 0.000000
