x y z
-1.748636 -0.721261 0.000000
-1.558710 -1.279765 0.000000
-1.589760 -1.270868 0.000000
-1.617305 -1.267505 0.000000
-1.646944 -1.261731 0.000000
-1.672445 -1.257278 0.000000
-1.699646 -1.251605 0.000000
-1.727161 -1.246858 0.000000
-1.750484 -1.244755 0.000000
-1.775940 -1.240660 0.000000
-1.800183 -1.239060 0.000000
-1.825361 -1.233434 0.000000
-1.850009 -1.229642 0.000000
-1.872935 -1.223648 0.000000
-1.895422 -1.223099 0.000000
-1.918602 -1.218256 0.000000
-1.941362 -1.215599 0.000000
-1.965451 -1.211303 0.000000
-1.986697 -1.208103 0.000000
-2.010323 -1.204155 0.000000
-2.032917 -1.198707 0.000000
-2.054603 -1.196356 0.000000
-2.077749 -1.191945 0.000000
-2.098864 -1.190147 0.000000
-2.121908 -1.186127 0.000000
-2.145864 -1.184358 0.000000
-2.168859 -1.181197 0.000000
-2.189602 -1.177096 0.000000
-2.213825 -1.174222 0.000000
-2.237495 -1.169837 0.000000
-2.261449 -1.166309 0.000000
-2.312608 -1.170677 0.000000
-2.339735 -1.170964 0.000000
-2.363662 -1.165473 0.000000
-2.391512 -1.168862 0.000000
-2.424288 -1.173721 0.000000
-2.448986 -1.169263 0.000000
-2.466626 -1.147315 0.000000
-2.148030 -0.586588 0.000000
-2.158053 -0.586233 0.000000
-2.171583 -0.588253 0.000000
-2.182566 -0.586239 0.000000
-2.292272 -0.702740 0.000000
-2.244373 -0.626950 0.000000
-2.157872 -0.514085 0.000000
-2.136657 -0.481950 0.000000
-2.134348 -0.465612 0.000000
-2.128717 -0.453767 0.000000
-2.127487 -0.442021 0.000000
-2.126444 -0.433047 0.000000
-2.125954 -0.426108 0.000000
-2.126832 -0.418622 0.000000
-2.130711 -0.414563 0.000000
-2.136473 -0.409424 0.000000
-2.145093 -0.408118 0.000000
-2.146502 -0.400266 0.000000
-2.153859 -0.398124 0.000000
-2.145820 -0.383369 0.000000
-2.146487 -0.371890 0.000000
-2.143581 -0.371838 0.000000
-2.144875 -0.365087 0.000000
-2.123766 -0.349681 0.000000
-2.127398 -0.346960 0.000000
-2.124626 -0.335362 0.000000
-2.121198 -0.331094 0.000000
-2.130752 -0.314554 0.000000
-2.127854 -0.308872 0.000000
-2.125064 -0.303309 0.000000
-2.122131 -0.297898 0.000000
-2.119943 -0.296440 0.000000
-2.117114 -0.287596 0.000000
-2.089802 -0.283322 0.000000
-2.087884 -0.279035 0.000000
-2.086115 -0.274869 0.000000
-2.084583 -0.269192 0.000000
-2.082824 -0.265117 0.000000
-2.082951 -0.260846 0.000000
-2.080275 -0.257103 0.000000
-2.078723 -0.253125 0.000000
-2.076844 -0.249308 0.000000
-2.074140 -0.245709 0.000000
-2.073054 -0.241776 0.000000
-2.071380 -0.237979 0.000000
-2.069632 -0.234279 0.000000
-2.068484 -0.230330 0.000000
-2.067022 -0.226541 0.000000
-2.065449 -0.222747 0.000000
-2.063801 -0.219034 0.000000
-2.062268 -0.215213 0.000000
-2.061101 -0.211235 0.000000
-2.059588 -0.207351 0.000000
-2.057996 -0.203535 0.000000
-2.056943 -0.199354 0.000000
-2.055745 -0.195135 0.000000
-2.054221 -0.191064 0.000000
-2.052581 -0.187011 0.000000
-2.051966 -0.184072 0.000000
-2.050550 -0.179773 0.000000
-2.048592 -0.175763 0.000000
-2.046926 -0.171492 0.000000
-2.045283 -0.167031 0.000000
-2.043535 -0.162616 0.000000
-2.041612 -0.158180 0.000000
-2.040100 -0.153250 0.000000
-2.038050 -0.148656 0.000000
-2.036051 -0.143925 0.000000
-2.034366 -0.138626 0.000000
-2.032147 -0.133689 0.000000
-2.032085 -0.129249 0.000000
-2.027808 -0.123087 0.000000
-2.027458 -0.118608 0.000000
-2.023629 -0.111063 0.000000
-2.024317 -0.107667 0.000000
-2.018533 -0.099067 0.000000
-2.018808 -0.094367 0.000000
-2.001273 -0.110048 0.000000
-1.998407 -0.104519 0.000000
-2.003047 -0.058951 0.000000
-2.005791 -0.052508 0.000000
-2.002807 -0.044422 0.000000
-1.999214 -0.035199 0.000000
-1.992357 -0.024610 0.000000
-1.990859 -0.015058 0.000000
-1.991768 0.049749 0.000000
-1.986841 0.067976 0.000000
-1.978542 0.073907 0.000000
-1.959420 0.127937 0.000000
-1.954912 0.148004 0.000000
-2.010765 1.323538 0.000000
-1.971221 1.302177 0.000000
-1.932388 1.358869 0.000000
-1.892670 1.450606 0.000000
-1.738016 1.797119 0.000000
-1.686066 1.810455 0.000000
-1.630233 1.824086 0.000000
-1.577503 1.837608 0.000000
-1.501580 1.450887 0.000000
-1.467817 1.401208 0.000000
-1.442822 1.330205 0.000000
-0.786902 2.802593 0.000000
-0.768909 2.622828 0.000000
-0.756920 2.451655 0.000000
2.149266 3.931269 0.000000
2.004290 3.581542 0.000000
1.864833 3.262957 0.000000
-1.636700 -0.086972 0.000000
-1.632147 -0.091640 0.000000
-1.631569 -0.100025 0.000000
-1.631002 -0.111971 0.000000
-1.618664 -0.115471 0.000000
-1.611210 -0.119957 0.000000
-1.715795 -0.213947 0.000000
-1.739168 -0.228764 0.000000
-1.744432 -0.235194 0.000000
-1.746311 -0.240250 0.000000
-1.746258 -0.246243 0.000000
-1.746503 -0.250630 0.000000
-1.745136 -0.254684 0.000000
-1.743876 -0.258738 0.000000
-1.742192 -0.261276 0.000000
-1.739108 -0.265159 0.000000
-1.735368 -0.269099 0.000000
-1.731718 -0.273209 0.000000
-1.727163 -0.277481 0.000000
-1.722468 -0.281753 0.000000
-1.717122 -0.286397 0.000000
-1.587508 -0.315334 0.000000
0.305733 -0.541251 0.000000
0.269714 -0.590976 0.000000
0.254221 -0.643247 0.000000
0.235048 -0.695695 0.000000
0.210465 -0.745297 0.000000
0.194610 -0.795710 0.000000
0.168221 -0.848608 0.000000
0.150241 -0.898460 0.000000
0.132439 -0.947594 0.000000
0.107034 -0.996449 0.000000
0.086206 -1.044123 0.000000
0.078618 -1.097037 0.000000
0.095531 -1.161934 0.000000
0.095925 -1.221399 0.000000
0.112972 -1.290493 0.000000
0.116154 -1.354140 0.000000
0.132623 -1.427714 0.000000
-0.090034 -1.367172 0.000000
-0.216494 -1.351335 0.000000
-0.249056 -1.388067 0.000000
-0.317667 -1.401872 0.000000
-0.414768 -1.392280 0.000000
-0.502281 -1.382845 0.000000
-1.614448 -0.556820 0.000000
-1.631458 -0.555343 0.000000
-1.637262 -0.565581 0.000000
-1.652624 -0.562731 0.000000
-1.688574 -0.541773 0.000000
-1.696059 -0.544946 0.000000
-1.704031 -0.550843 0.000000
-1.712862 -0.553893 0.000000
-1.707783 -0.571898 0.000000
-1.715355 -0.573892 0.000000
-1.716773 -0.587811 0.000000
-1.720469 -0.597591 0.000000
-1.726936 -0.603853 0.000000
-1.733171 -0.612608 0.000000
-1.724443 -0.685398 0.000000
-1.729145 -0.697763 0.000000
-1.729889 -0.723444 0.000000
