x y z
-1.830560 -1.205413 0.000000
-1.834642 -1.204675 0.000000
-1.838955 -1.204550 0.000000
-1.843177 -1.204081 0.000000
-1.847398 -1.203504 0.000000
-1.851858 -1.203791 0.000000
-1.855231 -1.205107 0.000000
-1.859785 -1.205182 0.000000
-1.864943 -1.206522 0.000000
-2.264162 -2.084934 0.000000
-2.289910 -2.073743 0.000000
-1.932861 -1.238498 0.000000
-1.937036 -1.223786 0.000000
-1.936419 -1.213642 0.000000
-1.935856 -1.204231 0.000000
-1.935718 -1.195913 0.000000
-1.934151 -1.190672 0.000000
-1.936858 -1.182178 0.000000
-1.937570 -1.175950 0.000000
-1.939674 -1.171341 0.000000
-1.940530 -1.165697 0.000000
-1.943262 -1.161904 0.000000
-1.944929 -1.157255 0.000000
-1.946970 -1.152752 0.000000
-1.950435 -1.148639 0.000000
-1.952244 -1.145301 0.000000
-1.954870 -1.141512 0.000000
-1.957794 -1.137970 0.000000
-1.960850 -1.134475 0.000000
-1.963828 -1.130889 0.000000
-1.966945 -1.127333 0.000000
-1.970876 -1.124131 0.000000
-1.975651 -1.121218 0.000000
-1.979927 -1.117916 0.000000
-1.986221 -1.115317 0.000000
-1.994104 -1.113139 0.000000
-2.391383 -1.264827 0.000000
-2.403819 -1.252823 0.000000
-2.507478 -1.235950 0.000000
-2.484135 -1.210908 0.000000
-2.473976 -1.189953 0.000000
-2.471782 -1.171344 0.000000
-2.448164 -1.149185 0.000000
-2.444964 -1.132653 0.000000
-2.448216 -1.115746 0.000000
-2.455453 -1.099682 0.000000
-2.614481 -1.061168 0.000000
-2.615035 -1.041679 0.000000
-2.614328 -1.020200 0.000000
-2.614149 -1.000702 0.000000
-2.611926 -0.980205 0.000000
-2.612712 -0.959897 0.000000
-2.611692 -0.939224 0.000000
-2.611674 -0.920354 0.000000
-2.613339 -0.899024 0.000000
-2.612319 -0.878414 0.000000
-2.610238 -0.857658 0.000000
-2.611039 -0.835111 0.000000
-2.610615 -0.813991 0.000000
-2.610691 -0.793653 0.000000
-2.611645 -0.771022 0.000000
-2.611656 -0.748801 0.000000
-2.041800 -0.918009 0.000000
-2.039656 -0.913852 0.000000
-2.036444 -0.908447 0.000000
-2.029112 -0.904225 0.000000
-2.028457 -0.896916 0.000000
-2.027968 -0.891061 0.000000
-2.025061 -0.882327 0.000000
-2.023335 -0.873145 0.000000
-2.025537 -0.869009 0.000000
-2.023698 -0.860182 0.000000
-2.023837 -0.852878 0.000000
-2.026756 -0.840188 0.000000
-2.613620 -0.267473 0.000000
-2.599279 -0.241671 0.000000
-2.601184 -0.202295 0.000000
-2.600787 -0.159571 0.000000
-2.601051 -0.115713 0.000000
-1.988779 -0.768754 0.000000
-1.976871 -0.769215 0.000000
-1.976558 -0.756893 0.000000
-1.964747 -0.761171 0.000000
-1.953617 -0.763770 0.000000
-1.941633 -0.765069 0.000000
-1.932387 -0.770528 0.000000
-1.918748 -0.774691 0.000000
-1.911760 -0.777135 0.000000
-1.903313 -0.779659 0.000000
-1.889907 -0.781429 0.000000
-1.879391 -0.790107 0.000000
-1.864303 -0.797275 0.000000
-1.861621 -0.800467 0.000000
-1.848757 -0.811657 0.000000
-1.839344 -0.831748 0.000000
-2.161083 3.287416 0.000000
-1.855721 4.498993 0.000000
-1.716870 4.492835 0.000000
-1.643800 2.671604 0.000000
-1.553935 2.649629 0.000000
-1.460931 2.648206 0.000000
-1.365472 2.690725 0.000000
-1.740329 -0.759856 0.000000
-0.019769 0.004329 0.000000
-0.074369 -0.086831 0.000000
-0.080172 -0.143806 0.000000
-0.037808 -0.177907 0.000000
0.009382 -0.209300 0.000000
0.070107 -0.235884 0.000000
0.130311 -0.266270 0.000000
0.175569 -0.305179 0.000000
0.362942 -0.751129 0.000000
-0.102671 -0.862331 0.000000
-0.162370 -0.909572 0.000000
-0.176669 -0.950781 0.000000
-0.183957 -0.992298 0.000000
-0.185058 -1.031159 0.000000
-0.181887 -1.072252 0.000000
-1.501569 -1.075855 0.000000
-1.515464 -1.081558 0.000000
-1.523547 -1.086205 0.000000
-1.528854 -1.092942 0.000000
-1.531502 -1.099444 0.000000
-1.536704 -1.110121 0.000000
-1.536553 -1.116972 0.000000
-1.534554 -1.120746 0.000000
-1.532197 -1.126574 0.000000
-1.528560 -1.138285 0.000000
-1.514771 -1.165634 0.000000
-1.514810 -1.173571 0.000000
-1.514626 -1.182378 0.000000
-1.511909 -1.191335 0.000000
-1.507248 -1.200104 0.000000
-1.503570 -1.213411 0.000000
-1.492582 -1.226237 0.000000
-1.559461 -1.218804 0.000000
-1.567726 -1.224258 0.000000
-1.583566 -1.221557 0.000000
-1.606654 -1.216856 0.000000
-1.612449 -1.216868 0.000000
-1.620253 -1.225547 0.000000
-1.614250 -1.229814 0.000000
-1.614248 -1.240206 0.000000
-1.615759 -1.248689 0.000000
-1.625356 -1.254267 0.000000
-1.632641 -1.249238 0.000000
-1.646395 -1.245704 0.000000
-1.671347 -1.230398 0.000000
-1.684678 -1.224516 0.000000
-1.692878 -1.223972 0.000000
-1.698849 -1.224236 0.000000
-1.700517 -1.223732 0.000000
-1.710006 -1.225593 0.000000
-1.715725 -1.225565 0.000000
-1.722780 -1.222159 0.000000
-1.729097 -1.219932 0.000000
-1.733879 -1.220997 0.000000
-1.738702 -1.221683 0.000000
-1.743031 -1.223924 0.000000
-1.747645 -1.225344 0.000000
-1.752615 -1.225441 0.000000
-1.757438 -1.225894 0.000000
-1.762516 -1.225000 0.000000
-1.769381 -1.214399 0.000000
-1.776548 -1.207259 0.000000
-1.780545 -1.209340 0.000000
-1.782845 -1.213646 0.000000
-1.786929 -1.217070 0.000000
-1.800111 -1.231486 0.000000
-1.804772 -1.221488 0.000000
-1.809019 -1.213632 0.000000
-1.814669 -1.210324 0.000000
-1.818780 -1.208477 0.000000
-1.822866 -1.207029 0.000000
