x y z
2.120415 1.815805 0.000000
2.121183 1.838546 0.000000
2.119439 1.860865 0.000000
2.119327 1.885541 0.000000
2.120434 1.908278 0.000000
2.118673 1.931209 0.000000
2.122196 1.955472 0.000000
2.121560 1.979666 0.000000
2.122148 2.004746 0.000000
2.121347 2.030615 0.000000
2.122940 2.055969 0.000000
2.123477 2.082581 0.000000
2.122388 2.108202 0.000000
2.123933 2.135070 0.000000
2.124939 2.161105 0.000000
2.127305 2.191185 0.000000
2.130215 2.219840 0.000000
2.133856 2.250704 0.000000
2.129802 2.280216 0.000000
2.134850 2.313110 0.000000
2.132946 2.342785 0.000000
2.133975 2.378213 0.000000
2.136422 2.412099 0.000000
2.136063 2.448339 0.000000
2.138803 2.487143 0.000000
2.140871 2.524887 0.000000
2.142652 2.566206 0.000000
2.144309 2.608820 0.000000
2.147499 2.656389 0.000000
2.151867 2.704496 0.000000
2.149534 2.752487 0.000000
2.151199 2.805128 0.000000
2.147161 2.855997 0.000000
2.112346 2.869516 0.000000
2.091853 2.901834 0.000000
2.064625 2.927456 0.000000
2.042909 2.957840 0.000000
2.017771 2.987091 0.000000
1.994888 3.020919 0.000000
1.966041 3.044707 0.000000
1.942131 3.076155 0.000000
1.913306 3.104425 0.000000
1.888118 3.138454 0.000000
1.863349 3.174588 0.000000
1.836636 3.213320 0.000000
1.810499 3.252087 0.000000
1.779900 3.286478 0.000000
1.748056 3.319175 0.000000
1.719175 3.358266 0.000000
1.684146 3.394578 0.000000
1.647657 3.419504 0.000000
1.604902 3.423825 0.000000
1.562103 3.426571 0.000000
1.515189 3.418608 0.000000
1.472764 3.421136 0.000000
1.431289 3.425498 0.000000
1.387843 3.420248 0.000000
1.344505 3.420688 0.000000
1.303230 3.421887 0.000000
1.261529 3.422088 0.000000
1.219498 3.425759 0.000000
1.178766 3.421138 0.000000
1.135946 3.416955 0.000000
1.094689 3.427288 0.000000
1.053020 3.424062 0.000000
1.010530 3.428253 0.000000
0.968802 3.426966 0.000000
0.926373 3.425803 0.000000
0.884000 3.422829 0.000000
0.839297 3.427495 0.000000
0.796870 3.423641 0.000000
0.751790 3.425002 0.000000
0.705347 3.428751 0.000000
0.661699 3.422547 0.000000
0.615501 3.424110 0.000000
0.566618 3.429157 0.000000
0.517412 3.432102 0.000000
0.470805 3.427627 0.000000
0.427039 3.415284 0.000000
0.415571 3.330683 0.000000
0.366906 3.332391 0.000000
0.313273 3.337635 0.000000
0.262058 3.333769 0.000000
0.214279 3.325084 0.000000
0.203208 3.254253 0.000000
0.203076 3.173326 0.000000
0.199916 3.102292 0.000000
0.202806 3.030970 0.000000
0.200437 2.966583 0.000000
0.199058 2.908782 0.000000
0.198294 2.849212 0.000000
0.199610 2.794240 0.000000
0.199575 2.742947 0.000000
0.195731 2.695727 0.000000
0.197982 2.648560 0.000000
0.195492 2.605723 0.000000
0.196235 2.561497 0.000000
0.196625 2.520269 0.000000
0.196032 2.480103 0.000000
0.196160 2.442524 0.000000
0.195737 2.405423 0.000000
0.197483 2.369316 0.000000
0.197329 2.335889 0.000000
0.196927 2.301056 0.000000
0.197755 2.270034 0.000000
0.197921 2.236764 0.000000
0.199187 2.205169 0.000000
0.200145 2.174822 0.000000
0.199318 2.146207 0.000000
0.195780 2.119131 0.000000
0.151211 2.107526 0.000000
0.152291 2.077499 0.000000
0.147515 2.051570 0.000000
0.147247 2.024575 0.000000
0.151363 1.993849 0.000000
0.149751 1.967310 0.000000
0.149848 1.940944 0.000000
0.150038 1.912761 0.000000
0.153025 1.886762 0.000000
0.148019 1.860229 0.000000
0.197073 1.829901 0.000000
0.198992 1.804107 0.000000
0.192831 1.778753 0.000000
0.195580 1.754424 0.000000
0.197440 1.728865 0.000000
0.197660 1.704398 0.000000
0.196522 1.679254 0.000000
0.194924 1.655026 0.000000
0.193917 1.630682 0.000000
0.195335 1.603995 0.000000
0.195195 1.580277 0.000000
0.191704 1.554317 0.000000
0.189986 1.527752 0.000000
0.192333 1.500931 0.000000
0.190148 1.475300 0.000000
0.192387 1.447277 0.000000
0.190420 1.419972 0.000000
0.189526 1.392207 0.000000
0.188227 1.363759 0.000000
0.189235 1.335973 0.000000
0.187338 1.306411 0.000000
0.185739 1.275928 0.000000
0.188271 1.245341 0.000000
0.181266 1.210806 0.000000
0.186571 1.181200 0.000000
0.183853 1.147379 0.000000
0.182493 1.112147 0.000000
0.182740 1.077589 0.000000
0.177718 1.038246 0.000000
0.178862 1.001822 0.000000
0.178611 0.963059 0.000000
0.180807 0.922038 0.000000
0.179434 0.879182 0.000000
0.178378 0.835228 0.000000
0.178186 0.788533 0.000000
0.177199 0.739899 0.000000
0.177988 0.690669 0.000000
0.177674 0.637120 0.000000
0.176632 0.581697 0.000000
0.177586 0.521456 0.000000
0.177276 0.458031 0.000000
0.174555 0.390387 0.000000
0.175874 0.320617 0.000000
0.177090 0.246674 0.000000
0.193024 0.186447 0.000000
0.247211 0.187096 0.000000
0.295461 0.181246 0.000000
0.349379 0.187805 0.000000
0.396938 0.184256 0.000000
0.448341 0.187573 0.000000
0.493002 0.180124 0.000000
0.539015 0.179823 0.000000
0.584918 0.179102 0.000000
0.628727 0.178977 0.000000
0.671810 0.177536 0.000000
0.715490 0.180129 0.000000
0.757253 0.173683 0.000000
0.800057 0.176079 0.000000
0.841050 0.175330 0.000000
0.879917 0.172711 0.000000
0.921193 0.175185 0.000000
0.960729 0.172119 0.000000
1.002211 0.171821 0.000000
1.040815 0.175640 0.000000
1.081222 0.173731 0.000000
1.120270 0.171422 0.000000
1.158966 0.171591 0.000000
1.198899 0.172214 0.000000
1.238004 0.170826 0.000000
1.276817 0.169140 0.000000
1.315335 0.173646 0.000000
1.355381 0.166701 0.000000
1.396316 0.167394 0.000000
1.435663 0.165607 0.000000
1.476376 0.165774 0.000000
1.515841 0.167218 0.000000
1.558558 0.159859 0.000000
1.599414 0.164908 0.000000
1.641493 0.168247 0.000000
1.684932 0.159490 0.000000
1.727244 0.165823 0.000000
1.771951 0.162717 0.000000
1.818225 0.158072 0.000000
1.794595 0.331516 0.000000
1.790811 0.435822 0.000000
2.057392 0.158395 0.000000
2.109248 0.160237 0.000000
2.122485 0.224789 0.000000
1.641930 1.076023 0.000000
1.652093 1.098187 0.000000
1.669719 1.106032 0.000000
1.678727 1.128016 0.000000
1.700127 1.133052 0.000000
1.714688 1.146040 0.000000
1.734793 1.153906 0.000000
1.756737 1.160426 0.000000
1.966733 1.043057 0.000000
2.135661 0.924898 0.000000
2.132456 0.967828 0.000000
2.134413 1.006465 0.000000
2.134199 1.045675 0.000000
2.135816 1.079389 0.000000
2.132443 1.117249 0.000000
2.133205 1.151401 0.000000
2.133512 1.183370 0.000000
2.133471 1.215628 0.000000
2.134476 1.246081 0.000000
2.132375 1.276364 0.000000
2.133555 1.304581 0.000000
2.130828 1.334229 0.000000
2.132176 1.361723 0.000000
2.131570 1.389463 0.000000
2.130907 1.417524 0.000000
2.131548 1.442927 0.000000
2.131512 1.468162 0.000000
2.132046 1.493974 0.000000
2.130906 1.519865 0.000000
2.130796 1.544089 0.000000
2.128933 1.568915 0.000000
2.131064 1.592497 0.000000
2.132248 1.617167 0.000000
2.128418 1.640990 0.000000
2.129445 1.663813 0.000000
2.129247 1.687946 0.000000
2.130426 1.711942 0.000000
2.132732 1.735174 0.000000
2.132710 1.758476 0.000000
2.133609 1.781827 0.000000
2.120438 1.804634 0.000000
