x y z
1.768910 3.307291 0.000000
1.738983 3.347594 0.000000
1.707179 3.384026 0.000000
1.672203 3.418000 0.000000
1.631854 3.421935 0.000000
1.590683 3.416387 0.000000
1.550325 3.409511 0.000000
1.511091 3.418609 0.000000
1.471355 3.419486 0.000000
1.432499 3.418134 0.000000
1.392098 3.412285 0.000000
1.351302 3.424411 0.000000
1.311517 3.426342 0.000000
1.271249 3.426242 0.000000
1.234475 3.425102 0.000000
1.193249 3.422683 0.000000
1.152850 3.426983 0.000000
1.111177 3.423686 0.000000
1.068312 3.434183 0.000000
1.026694 3.430609 0.000000
0.982749 3.433892 0.000000
0.940090 3.433630 0.000000
0.895322 3.437687 0.000000
0.852207 3.433310 0.000000
0.803330 3.438188 0.000000
0.758532 3.433018 0.000000
0.709331 3.439506 0.000000
0.662672 3.433342 0.000000
0.614431 3.431862 0.000000
0.561889 3.435102 0.000000
0.510263 3.435030 0.000000
0.449993 3.440721 0.000000
0.442520 3.363574 0.000000
0.404041 3.340627 0.000000
0.344331 3.346035 0.000000
0.283851 3.346668 0.000000
0.233153 3.336316 0.000000
0.219422 3.276905 0.000000
0.217570 3.205311 0.000000
0.217234 3.137471 0.000000
0.217766 3.071605 0.000000
0.213828 3.013426 0.000000
0.210875 2.957562 0.000000
0.215138 2.899534 0.000000
0.208444 2.852152 0.000000
0.209969 2.798194 0.000000
0.208578 2.748127 0.000000
0.208677 2.700878 0.000000
0.206533 2.654826 0.000000
0.202359 2.612498 0.000000
0.204437 2.567999 0.000000
0.204043 2.526342 0.000000
0.204027 2.486074 0.000000
0.201665 2.448054 0.000000
0.202804 2.408366 0.000000
0.199132 2.371003 0.000000
0.198181 2.335170 0.000000
0.199864 2.298995 0.000000
0.196320 2.265068 0.000000
0.201202 2.226903 0.000000
0.198386 2.193803 0.000000
0.199521 2.160703 0.000000
0.180145 2.131003 0.000000
0.153556 2.105226 0.000000
0.149040 2.072638 0.000000
0.150579 2.039474 0.000000
0.148549 2.005738 0.000000
0.143635 1.974289 0.000000
0.149271 1.939995 0.000000
0.147494 1.909150 0.000000
0.143357 1.876297 0.000000
0.190044 1.842332 0.000000
0.192579 1.811521 0.000000
0.192423 1.779036 0.000000
0.186811 1.747211 0.000000
0.186080 1.717487 0.000000
0.184067 1.685049 0.000000
0.185911 1.652491 0.000000
0.185170 1.620809 0.000000
0.182581 1.589578 0.000000
0.181931 1.556196 0.000000
0.180059 1.523963 0.000000
0.183571 1.490829 0.000000
0.178665 1.456519 0.000000
0.181564 1.422410 0.000000
0.177457 1.386672 0.000000
0.177147 1.352311 0.000000
0.177571 1.316813 0.000000
0.176447 1.279984 0.000000
0.174554 1.241976 0.000000
0.171799 1.201317 0.000000
0.170028 1.161773 0.000000
0.175959 1.124444 0.000000
0.173042 1.082192 0.000000
0.171225 1.038789 0.000000
0.168685 0.993504 0.000000
0.169089 0.948129 0.000000
0.167926 0.900088 0.000000
0.167115 0.851057 0.000000
0.166667 0.799851 0.000000
0.167605 0.747717 0.000000
0.161246 0.689477 0.000000
0.160720 0.632528 0.000000
0.162897 0.574204 0.000000
0.163511 0.512234 0.000000
0.159583 0.442258 0.000000
0.161269 0.375412 0.000000
0.154491 0.293232 0.000000
0.154790 0.214533 0.000000
0.208818 0.201994 0.000000
0.266649 0.193804 0.000000
0.327331 0.193153 0.000000
0.383399 0.190478 0.000000
0.441823 0.191292 0.000000
0.496233 0.190418 0.000000
0.548706 0.184554 0.000000
0.603417 0.189665 0.000000
0.648987 0.181613 0.000000
0.701769 0.184933 0.000000
0.748122 0.177632 0.000000
0.795401 0.176862 0.000000
0.841852 0.176245 0.000000
0.888137 0.176050 0.000000
0.931438 0.171926 0.000000
0.978145 0.176242 0.000000
1.021469 0.174584 0.000000
1.063570 0.169675 0.000000
1.107958 0.170215 0.000000
1.150712 0.174723 0.000000
1.192414 0.170308 0.000000
1.233056 0.169107 0.000000
1.274699 0.166278 0.000000
1.315470 0.170587 0.000000
1.356393 0.167860 0.000000
1.397284 0.163151 0.000000
1.438380 0.165456 0.000000
1.479500 0.160532 0.000000
1.520622 0.161878 0.000000
1.561904 0.167767 0.000000
1.603771 0.161202 0.000000
1.646158 0.158488 0.000000
1.687241 0.157901 0.000000
1.728344 0.159074 0.000000
1.771694 0.162200 0.000000
1.785212 0.301962 0.000000
1.689836 0.879386 0.000000
1.702457 0.926384 0.000000
1.716226 0.965018 0.000000
1.726719 1.005625 0.000000
1.749185 1.003064 0.000000
1.778178 0.990693 0.000000
1.802491 0.986441 0.000000
2.112865 0.320525 0.000000
1.890966 0.905180 0.000000
1.903414 0.932971 0.000000
1.927397 0.942931 0.000000
2.125220 0.764782 0.000000
2.122734 0.823712 0.000000
2.124362 0.874274 0.000000
2.124578 0.922281 0.000000
2.123665 0.971955 0.000000
2.122854 1.013335 0.000000
2.125984 1.051719 0.000000
2.124612 1.092059 0.000000
2.124051 1.128578 0.000000
2.124956 1.163603 0.000000
2.124208 1.196387 0.000000
2.123870 1.226001 0.000000
2.124507 1.256073 0.000000
2.123906 1.284376 0.000000
2.124357 1.312507 0.000000
2.125308 1.338944 0.000000
2.124646 1.364476 0.000000
2.124899 1.387776 0.000000
2.124546 1.411500 0.000000
2.126441 1.435679 0.000000
2.125168 1.457329 0.000000
2.125508 1.478729 0.000000
2.124928 1.500500 0.000000
2.124653 1.520489 0.000000
2.125339 1.542027 0.000000
2.125060 1.561166 0.000000
2.125566 1.580083 0.000000
2.126210 1.600088 0.000000
2.125306 1.618427 0.000000
2.127156 1.636124 0.000000
2.127047 1.656115 0.000000
2.127727 1.672760 0.000000
2.128454 1.691768 0.000000
2.130214 1.707783 0.000000
2.129198 1.724712 0.000000
2.130313 1.741809 0.000000
2.130817 1.759673 0.000000
2.123585 1.777387 0.000000
2.120141 1.794367 0.000000
2.120021 1.810745 0.000000
2.120226 1.828952 0.000000
2.120573 1.843874 0.000000
2.119705 1.860977 0.000000
2.119729 1.877244 0.000000
2.119586 1.895982 0.000000
2.121196 1.911139 0.000000
2.121370 1.930011 0.000000
2.122070 1.947443 0.000000
2.121660 1.963293 0.000000
2.122182 1.981257 0.000000
2.121885 1.999642 0.000000
2.122001 2.016785 0.000000
2.121386 2.034140 0.000000
2.122691 2.054672 0.000000
2.123138 2.073225 0.000000
2.122932 2.092304 0.000000
2.122263 2.111992 0.000000
2.124520 2.131417 0.000000
2.125137 2.154466 0.000000
2.126308 2.174207 0.000000
2.128181 2.196557 0.000000
2.131194 2.220530 0.000000
2.131462 2.245206 0.000000
2.132463 2.268247 0.000000
2.134351 2.293212 0.000000
2.133330 2.319282 0.000000
2.133863 2.345706 0.000000
2.135586 2.372260 0.000000
2.135564 2.402920 0.000000
2.137564 2.433406 0.000000
2.140873 2.466526 0.000000
2.141374 2.498930 0.000000
2.145051 2.536571 0.000000
2.145159 2.571646 0.000000
2.147274 2.613891 0.000000
2.151427 2.657486 0.000000
2.153654 2.702864 0.000000
2.158637 2.751640 0.000000
2.166715 2.810151 0.000000
2.156780 2.849345 0.000000
2.125461 2.860714 0.000000
2.104897 2.886193 0.000000
2.085983 2.912144 0.000000
2.063341 2.939090 0.000000
2.042413 2.966169 0.000000
2.021290 2.993626 0.000000
1.997829 3.023823 0.000000
1.973472 3.047750 0.000000
1.948342 3.073326 0.000000
1.923665 3.103218 0.000000
1.898331 3.132996 0.000000
1.873783 3.168491 0.000000
1.848109 3.204758 0.000000
1.822700 3.245777 0.000000
1.792818 3.276729 0.000000
