x y z
-1.770563 -1.463395 0.000000
-1.779334 -1.462193 0.000000
-1.965680 -4.570863 0.000000
-2.053878 -4.571475 0.000000
-1.986723 -3.052251 0.000000
-1.990738 -2.688233 0.000000
-1.991297 -2.078082 0.000000
-2.019594 -2.077132 0.000000
-2.046550 -2.078939 0.000000
-2.074645 -2.077938 0.000000
-2.103410 -2.081536 0.000000
-2.132192 -2.080746 0.000000
-2.161206 -2.081827 0.000000
-2.191352 -2.083374 0.000000
-2.222770 -2.083910 0.000000
-1.885435 -1.267056 0.000000
-1.887764 -1.252821 0.000000
-1.892568 -1.237355 0.000000
-1.892238 -1.226824 0.000000
-1.889583 -1.219453 0.000000
-1.888369 -1.212519 0.000000
-1.892094 -1.203091 0.000000
-1.894722 -1.194837 0.000000
-1.895997 -1.188552 0.000000
-1.897402 -1.182657 0.000000
-1.899326 -1.177477 0.000000
-1.901453 -1.172628 0.000000
-1.904340 -1.168620 0.000000
-1.907328 -1.164299 0.000000
-1.910026 -1.160125 0.000000
-1.912537 -1.157669 0.000000
-1.916722 -1.152764 0.000000
-1.920566 -1.149362 0.000000
-1.924129 -1.145706 0.000000
-1.928726 -1.143974 0.000000
-1.933807 -1.142258 0.000000
-1.940957 -1.137614 0.000000
-1.948743 -1.135606 0.000000
-1.956217 -1.134542 0.000000
-2.083831 -1.208049 0.000000
-2.087560 -1.201743 0.000000
-2.083928 -1.189571 0.000000
-2.096753 -1.184692 0.000000
-2.113781 -1.184123 0.000000
-2.381937 -1.276122 0.000000
-2.187796 -1.180389 0.000000
-2.415747 -1.199066 0.000000
-2.327362 -1.160575 0.000000
-2.329093 -1.145585 0.000000
-2.344970 -1.133091 0.000000
-2.366835 -1.122069 0.000000
-2.565745 -1.096279 0.000000
-2.562503 -1.074780 0.000000
-2.562649 -1.055778 0.000000
-2.562842 -1.034360 0.000000
-2.561035 -1.015193 0.000000
-2.563279 -0.996098 0.000000
-2.563991 -0.975855 0.000000
-2.566185 -0.955349 0.000000
-2.566257 -0.933998 0.000000
-2.564319 -0.913038 0.000000
-2.564902 -0.893613 0.000000
-2.566956 -0.872318 0.000000
-2.567423 -0.850835 0.000000
-2.568532 -0.828915 0.000000
-1.999009 -0.938994 0.000000
-1.995364 -0.937994 0.000000
-1.991724 -0.931404 0.000000
-1.985888 -0.925362 0.000000
-1.982425 -0.920088 0.000000
-1.983249 -0.912030 0.000000
-2.017275 -0.873641 0.000000
-2.570813 -0.361294 0.000000
-2.574536 -0.323938 0.000000
-2.575008 -0.286521 0.000000
-2.576877 -0.249000 0.000000
-2.577267 -0.208007 0.000000
-2.576925 -0.166597 0.000000
-2.579797 -0.121942 0.000000
-1.946773 -0.778633 0.000000
-1.938543 -0.776964 0.000000
-1.929713 -0.776318 0.000000
-1.931953 -0.764897 0.000000
-1.916780 -0.765113 0.000000
-1.906339 -0.766839 0.000000
-1.896597 -0.769752 0.000000
-1.887232 -0.775853 0.000000
-1.875251 -0.778321 0.000000
-1.866868 -0.780267 0.000000
-1.856974 -0.782586 0.000000
-1.844457 -0.784741 0.000000
-1.836735 -0.798182 0.000000
-1.825834 -0.800920 0.000000
-1.820598 -0.802754 0.000000
-1.802216 -0.819204 0.000000
-2.193555 3.246918 0.000000
-2.054971 4.529569 0.000000
-1.917140 4.497817 0.000000
-1.778168 4.488690 0.000000
-1.668676 2.675037 0.000000
-1.578644 2.670896 0.000000
-1.484959 2.675077 0.000000
-1.223502 4.536144 0.000000
-1.691521 -0.755389 0.000000
-1.384626 -0.754112 0.000000
0.021533 0.111018 0.000000
-0.027026 0.017808 0.000000
-0.055592 -0.057922 0.000000
-0.047389 -0.108835 0.000000
-0.002220 -0.138627 0.000000
0.037114 -0.173875 0.000000
0.111523 -0.193128 0.000000
0.187395 -0.215539 0.000000
0.232314 -0.254030 0.000000
2.226000 -0.199187 0.000000
0.046828 -0.720056 0.000000
0.180562 -0.744649 0.000000
-0.101760 -0.832875 0.000000
-0.126790 -0.876844 0.000000
-0.141000 -0.918557 0.000000
-0.142199 -0.960537 0.000000
-0.132812 -0.999023 0.000000
-0.133851 -1.039681 0.000000
-0.170624 -1.078486 0.000000
-0.147403 -1.118991 0.000000
0.358900 -1.190281 0.000000
0.372741 -1.243248 0.000000
0.425059 -1.303006 0.000000
-1.333495 -1.130581 0.000000
-1.346890 -1.140489 0.000000
-1.355402 -1.148204 0.000000
-1.361135 -1.157164 0.000000
-1.370033 -1.166898 0.000000
-1.367363 -1.175222 0.000000
-1.363193 -1.187713 0.000000
-1.352981 -1.203918 0.000000
-1.436692 -1.185019 0.000000
-1.484375 -1.176653 0.000000
-1.487021 -1.179543 0.000000
-1.502839 -1.180279 0.000000
-1.522692 -1.178029 0.000000
-1.536239 -1.180726 0.000000
-1.544884 -1.181472 0.000000
-1.553568 -1.182918 0.000000
-1.561848 -1.186033 0.000000
-1.569772 -1.189918 0.000000
-1.573740 -1.191904 0.000000
-1.578805 -1.194634 0.000000
-1.584338 -1.201291 0.000000
-1.591756 -1.209300 0.000000
-1.589194 -1.210319 0.000000
-1.623516 -1.190095 0.000000
-1.632407 -1.187076 0.000000
-1.641479 -1.183085 0.000000
-1.644383 -1.186820 0.000000
-1.646409 -1.191939 0.000000
-1.648759 -1.196838 0.000000
-1.657223 -1.192157 0.000000
-1.660577 -1.195351 0.000000
-1.663426 -1.199566 0.000000
-1.669407 -1.208327 0.000000
-1.674757 -1.208102 0.000000
-1.678514 -1.211141 0.000000
-1.681581 -1.215936 0.000000
-1.655385 -1.337477 0.000000
-1.679869 -1.397373 0.000000
-1.689431 -1.400203 0.000000
-1.697320 -1.409845 0.000000
-1.704173 -1.422656 0.000000
-1.709837 -1.436161 0.000000
-1.720172 -1.446679 0.000000
-1.727594 -1.459232 0.000000
-1.737288 -1.474717 0.000000
-1.748514 -1.472979 0.000000
-1.758047 -1.465974 0.000000
