x y z
-3.037962 -3.689693 0.000000
-3.041605 -3.702288 0.000000
-3.045415 -3.708984 0.000000
-3.049341 -3.712781 0.000000
-3.052923 -3.717392 0.000000
-3.057251 -3.717417 0.000000
-3.060958 -3.720226 0.000000
-3.065392 -3.725898 0.000000
-3.068019 -3.731774 0.000000
-3.070637 -3.736708 0.000000
-3.073123 -3.741438 0.000000
-3.075534 -3.745975 0.000000
-3.077717 -3.750525 0.000000
-3.080095 -3.754171 0.000000
-3.083163 -3.758497 0.000000
-3.084634 -3.761104 0.000000
-3.106101 -3.751884 0.000000
-3.163372 -3.812692 0.000000
-3.169086 -3.814884 0.000000
-8.936329 -3.235838 0.000000
-6.927680 -3.846351 0.000000
-7.188601 -3.942241 0.000000
-6.834810 -4.031420 0.000000
-6.796823 -4.121817 0.000000
-6.801549 -4.214301 0.000000
-6.878913 -4.314348 0.000000
-4.596924 -4.116906 0.000000
-4.577257 -4.153576 0.000000
-3.329647 -3.976822 0.000000
-3.329057 -3.987463 0.000000
-3.321000 -3.990374 0.000000
-3.326103 -4.003617 0.000000
-3.318252 -4.014545 0.000000
-3.318879 -4.021890 0.000000
-3.318537 -4.033284 0.000000
-3.318261 -4.040569 0.000000
-3.323979 -4.052264 0.000000
-3.330666 -4.065958 0.000000
-5.532170 -5.502570 0.000000
-7.168723 -6.679200 0.000000
-7.086966 -6.769866 0.000000
-7.060793 -6.899409 0.000000
-7.241890 -7.363220 0.000000
-7.062203 -7.381204 0.000000
-7.010166 -7.508935 0.000000
-3.634094 -4.499880 0.000000
-3.613786 -4.510616 0.000000
-3.589158 -4.514039 0.000000
-3.569295 -4.521604 0.000000
-3.544268 -4.523410 0.000000
-3.547577 -4.561437 0.000000
-3.519992 -4.558561 0.000000
-3.499982 -4.565637 0.000000
-3.478904 -4.572217 0.000000
-3.468063 -4.590607 0.000000
-3.456998 -4.609498 0.000000
-3.449465 -4.635079 0.000000
-3.439219 -4.659933 0.000000
-3.434902 -4.696079 0.000000
-3.438989 -4.749317 0.000000
-3.439418 -4.807633 0.000000
-4.034771 -6.496161 0.000000
-3.968526 -6.516919 0.000000
-3.887304 -6.487359 0.000000
-3.827221 -6.515463 0.000000
-3.807447 -6.683302 0.000000
-3.839130 -7.082169 0.000000
-3.780236 -7.178781 0.000000
-3.695543 -7.173395 0.000000
-4.021395 -9.355106 0.000000
-3.877344 -9.307081 0.000000
-3.717788 -9.116544 0.000000
-3.265717 -8.068680 0.000000
-3.159546 -7.933652 0.000000
-3.061376 -7.935759 0.000000
-2.967228 -7.597505 0.000000
-2.877264 -7.621063 0.000000
-2.786703 -7.601376 0.000000
-2.695828 -7.604494 0.000000
-2.428288 -7.559697 0.000000
-2.566797 -5.994917 0.000000
-2.472414 -5.936740 0.000000
-2.474557 -5.746156 0.000000
-2.473245 -5.592402 0.000000
-2.458261 -5.496847 0.000000
-2.398341 -5.540961 0.000000
-2.417891 -5.374582 0.000000
-2.417804 -5.271393 0.000000
-2.417169 -5.182709 0.000000
-2.419693 -5.101730 0.000000
-2.420642 -5.027445 0.000000
-2.421609 -4.959890 0.000000
-2.421321 -4.899624 0.000000
-2.422478 -4.842550 0.000000
-2.422281 -4.790858 0.000000
-2.423436 -4.742545 0.000000
-2.422899 -4.697094 0.000000
-2.424003 -4.657374 0.000000
-2.424882 -4.617053 0.000000
-2.426861 -4.579459 0.000000
-2.426791 -4.546645 0.000000
-2.426780 -4.511390 0.000000
-2.426584 -4.482790 0.000000
-2.426563 -4.452559 0.000000
-2.426756 -4.425057 0.000000
-2.429340 -4.398405 0.000000
-2.429051 -4.371480 0.000000
-2.431808 -4.345926 0.000000
-2.431280 -4.324838 0.000000
-2.431326 -4.302111 0.000000
-2.430273 -4.282292 0.000000
-2.429464 -4.259728 0.000000
-2.429409 -4.239836 0.000000
-2.430341 -4.221867 0.000000
-2.429321 -4.201065 0.000000
-2.428839 -4.183560 0.000000
-2.430361 -4.165901 0.000000
-2.429541 -4.147592 0.000000
-2.429797 -4.129406 0.000000
-2.430038 -4.114201 0.000000
-2.430203 -4.097829 0.000000
-2.429836 -4.081019 0.000000
-2.429603 -4.064074 0.000000
-2.429331 -4.050164 0.000000
-2.432064 -4.033613 0.000000
-2.431133 -4.019544 0.000000
-2.431264 -4.002686 0.000000
-2.430265 -3.990015 0.000000
-2.430469 -3.975068 0.000000
-2.431085 -3.960514 0.000000
-2.431380 -3.944148 0.000000
-2.431774 -3.930142 0.000000
-2.430715 -3.915453 0.000000
-2.430785 -3.901532 0.000000
-2.430431 -3.887947 0.000000
-2.430697 -3.872257 0.000000
-2.431023 -3.858504 0.000000
-2.431381 -3.845222 0.000000
-2.430624 -3.830985 0.000000
-2.430687 -3.816910 0.000000
-2.430632 -3.800755 0.000000
-2.431604 -3.786980 0.000000
-2.430999 -3.772490 0.000000
-2.429910 -3.758239 0.000000
-2.430617 -3.742176 0.000000
-2.431188 -3.726250 0.000000
-2.430641 -3.712789 0.000000
-2.430815 -3.696331 0.000000
-2.430159 -3.680404 0.000000
-2.430876 -3.663959 0.000000
-2.429601 -3.646796 0.000000
-2.428881 -3.631786 0.000000
-2.429655 -3.614207 0.000000
-2.429725 -3.596710 0.000000
-2.428576 -3.578571 0.000000
-2.427685 -3.560707 0.000000
-2.430600 -3.541961 0.000000
-2.427837 -3.523749 0.000000
-2.429460 -3.504796 0.000000
-2.428860 -3.484041 0.000000
-2.428859 -3.462265 0.000000
-2.427290 -3.439542 0.000000
-2.428094 -3.417277 0.000000
-2.428940 -3.393671 0.000000
-2.426869 -3.369146 0.000000
-2.429816 -3.344869 0.000000
-2.427781 -3.318545 0.000000
-2.428077 -3.290075 0.000000
-2.428046 -3.260863 0.000000
-2.428056 -3.230554 0.000000
-2.426558 -3.196877 0.000000
-2.425252 -3.164307 0.000000
-2.425810 -3.128883 0.000000
-2.424947 -3.088921 0.000000
-2.423589 -3.047519 0.000000
-2.424853 -3.004046 0.000000
-2.420747 -2.954044 0.000000
-2.422156 -2.904476 0.000000
-2.419196 -2.849215 0.000000
-2.419628 -2.792113 0.000000
-2.419138 -2.724355 0.000000
-2.420823 -2.658562 0.000000
-2.420850 -2.582713 0.000000
-2.418455 -2.495327 0.000000
-2.420183 -2.404854 0.000000
-2.390002 -2.221983 0.000000
-2.917814 -3.502374 0.000000
-2.924543 -3.493123 0.000000
-2.954687 -3.551643 0.000000
-2.969775 -3.587953 0.000000
-2.982253 -3.597855 0.000000
-3.005824 -3.645585 0.000000
-3.008792 -3.655406 0.000000
-3.016780 -3.662789 0.000000
-3.017700 -3.669265 0.000000
-3.025969 -3.673697 0.000000
-3.033526 -3.678914 0.000000
