x y z
-3.025242 -3.677618 0.000000
-3.028210 -3.688352 0.000000
-3.033695 -3.699917 0.000000
-3.036082 -3.706240 0.000000
-3.041882 -3.710855 0.000000
-3.045831 -3.715338 0.000000
-3.050503 -3.715493 0.000000
-3.054330 -3.719417 0.000000
-3.057501 -3.725095 0.000000
-3.060470 -3.730832 0.000000
-3.063368 -3.735875 0.000000
-3.067417 -3.741691 0.000000
-3.069968 -3.746606 0.000000
-3.072553 -3.750837 0.000000
-3.074711 -3.755261 0.000000
-3.078160 -3.760106 0.000000
-3.098678 -3.760132 0.000000
-3.100287 -3.764993 0.000000
-3.119987 -3.789560 0.000000
-3.123928 -3.790999 0.000000
-3.127833 -3.792531 0.000000
-3.132464 -3.793886 0.000000
-3.138099 -3.794264 0.000000
-3.143561 -3.794975 0.000000
-3.147568 -3.795191 0.000000
-3.161999 -3.800591 0.000000
-3.238783 -3.789244 0.000000
-3.247675 -3.790402 0.000000
-3.648813 -3.667875 0.000000
-3.660403 -3.681931 0.000000
-3.903914 -3.659785 0.000000
-3.916811 -3.678680 0.000000
-3.952550 -3.693151 0.000000
-6.960345 -3.820556 0.000000
-7.165659 -3.916031 0.000000
-6.852434 -4.009269 0.000000
-6.780345 -4.097851 0.000000
-6.754289 -4.187718 0.000000
-6.768887 -4.280749 0.000000
-4.572691 -4.113309 0.000000
-4.564095 -4.149352 0.000000
-3.317314 -3.987980 0.000000
-3.318450 -3.993929 0.000000
-3.308685 -4.002344 0.000000
-3.307426 -4.023550 0.000000
-3.306818 -4.034466 0.000000
-3.308457 -4.041676 0.000000
-3.307884 -4.050298 0.000000
-3.314908 -4.060179 0.000000
-3.322777 -4.073022 0.000000
-5.538990 -5.490394 0.000000
-7.170416 -6.637514 0.000000
-7.081586 -6.721293 0.000000
-7.095390 -6.880075 0.000000
-7.269986 -7.330183 0.000000
-7.188596 -7.433159 0.000000
-7.135505 -7.563536 0.000000
-3.574436 -4.512143 0.000000
-3.541311 -4.505633 0.000000
-3.525751 -4.515032 0.000000
-3.511908 -4.530224 0.000000
-3.499156 -4.546768 0.000000
-3.489668 -4.565274 0.000000
-3.469068 -4.571490 0.000000
-3.453573 -4.580927 0.000000
-3.442479 -4.600392 0.000000
-3.429872 -4.618749 0.000000
-3.420364 -4.642260 0.000000
-3.418510 -4.678461 0.000000
-3.419702 -4.726672 0.000000
-3.450663 -4.842158 0.000000
-4.246972 -6.600274 0.000000
-4.156565 -6.568182 0.000000
-4.146704 -6.732785 0.000000
-4.118282 -6.860955 0.000000
-4.903140 -9.292660 0.000000
-4.004694 -7.006158 0.000000
-3.897745 -6.922599 0.000000
-3.863308 -7.079226 0.000000
-3.797601 -7.150931 0.000000
-3.775231 -7.417171 0.000000
-4.065105 -9.318155 0.000000
-3.927670 -9.308609 0.000000
-3.760391 -9.091679 0.000000
-3.303064 -8.063237 0.000000
-3.196382 -7.946467 0.000000
-3.097669 -7.926270 0.000000
-2.999790 -7.635676 0.000000
-2.910335 -7.629323 0.000000
-2.819585 -7.632013 0.000000
-2.727647 -7.632165 0.000000
-2.462048 -7.588735 0.000000
-2.575810 -6.041803 0.000000
-2.477644 -5.993142 0.000000
-2.479701 -5.788438 0.000000
-2.483071 -5.612711 0.000000
-2.465833 -5.520193 0.000000
-2.431784 -5.495282 0.000000
-2.422819 -5.402905 0.000000
-2.422638 -5.298118 0.000000
-2.422117 -5.205964 0.000000
-2.420869 -5.125086 0.000000
-2.419778 -5.055009 0.000000
-2.419960 -4.983247 0.000000
-2.419057 -4.921900 0.000000
-2.419059 -4.865403 0.000000
-2.419872 -4.812089 0.000000
-2.420187 -4.764511 0.000000
-2.420336 -4.719059 0.000000
-2.420637 -4.676934 0.000000
-2.420608 -4.639153 0.000000
-2.422024 -4.601489 0.000000
-2.420834 -4.566409 0.000000
-2.421935 -4.532572 0.000000
-2.421874 -4.502396 0.000000
-2.421448 -4.474668 0.000000
-2.421512 -4.444156 0.000000
-2.422963 -4.418463 0.000000
-2.422593 -4.392647 0.000000
-2.423878 -4.366062 0.000000
-2.422661 -4.343998 0.000000
-2.423071 -4.321272 0.000000
-2.421774 -4.301446 0.000000
-2.422880 -4.279509 0.000000
-2.421423 -4.259215 0.000000
-2.419808 -4.240207 0.000000
-2.421182 -4.222125 0.000000
-2.420660 -4.202870 0.000000
-2.419909 -4.184396 0.000000
-2.419233 -4.167462 0.000000
-2.421100 -4.149788 0.000000
-2.420104 -4.134049 0.000000
-2.419168 -4.115969 0.000000
-2.420637 -4.100440 0.000000
-2.419756 -4.083820 0.000000
-2.419686 -4.069455 0.000000
-2.421080 -4.053515 0.000000
-2.418703 -4.037351 0.000000
-2.418777 -4.022280 0.000000
-2.418608 -4.008070 0.000000
-2.418183 -3.993347 0.000000
-2.418372 -3.976662 0.000000
-2.418739 -3.962207 0.000000
-2.419100 -3.949629 0.000000
-2.418993 -3.932922 0.000000
-2.418684 -3.919175 0.000000
-2.417449 -3.906247 0.000000
-2.417267 -3.891988 0.000000
-2.417988 -3.876287 0.000000
-2.418211 -3.862991 0.000000
-2.418015 -3.846529 0.000000
-2.417472 -3.832558 0.000000
-2.417777 -3.818439 0.000000
-2.416886 -3.804377 0.000000
-2.417033 -3.789188 0.000000
-2.415374 -3.775853 0.000000
-2.415447 -3.760675 0.000000
-2.417545 -3.744124 0.000000
-2.415314 -3.728820 0.000000
-2.415639 -3.713120 0.000000
-2.414987 -3.698310 0.000000
-2.415528 -3.682576 0.000000
-2.414326 -3.666091 0.000000
-2.413710 -3.649103 0.000000
-2.413879 -3.632484 0.000000
-2.413383 -3.614597 0.000000
-2.411933 -3.595570 0.000000
-2.411365 -3.578368 0.000000
-2.413072 -3.558341 0.000000
-2.411474 -3.538901 0.000000
-2.411093 -3.520075 0.000000
-2.410646 -3.500170 0.000000
-2.411511 -3.476872 0.000000
-2.409239 -3.455724 0.000000
-2.549061 -3.533449 0.000000
-2.578782 -3.537409 0.000000
-2.596617 -3.535865 0.000000
-2.613317 -3.531215 0.000000
-2.633191 -3.533188 0.000000
-2.653846 -3.532371 0.000000
-2.679536 -3.540448 0.000000
-2.692484 -3.538565 0.000000
-2.702899 -3.532935 0.000000
-2.707275 -3.520327 0.000000
-2.711927 -3.504388 0.000000
-2.715843 -3.492183 0.000000
-2.715984 -3.469178 0.000000
-2.708350 -3.441192 0.000000
-2.703216 -3.407963 0.000000
-2.689196 -3.361173 0.000000
-2.692040 -3.337263 0.000000
-2.698974 -3.316055 0.000000
-2.707974 -3.300123 0.000000
-2.717297 -3.282479 0.000000
-2.721103 -3.251553 0.000000
-2.723228 -3.214949 0.000000
-2.448983 -2.336149 0.000000
-2.899906 -3.507144 0.000000
-2.910047 -3.499777 0.000000
-2.918742 -3.499736 0.000000
-2.947039 -3.556901 0.000000
-2.964577 -3.592218 0.000000
-2.977024 -3.623311 0.000000
-2.988526 -3.646971 0.000000
-2.994821 -3.654250 0.000000
-3.006331 -3.660748 0.000000
-3.008193 -3.666966 0.000000
-3.020836 -3.672887 0.000000
