x y z
2.321639 1.831877 0.000000
2.343112 1.872695 0.000000
2.368214 1.915183 0.000000
2.367779 1.953936 0.000000
2.350259 1.988092 0.000000
2.337572 2.021469 0.000000
2.325626 2.056843 0.000000
2.312952 2.091552 0.000000
2.303957 2.129307 0.000000
2.292281 2.163450 0.000000
2.273839 2.195812 0.000000
2.268406 2.236374 0.000000
2.252392 2.270836 0.000000
2.238502 2.306249 0.000000
2.227356 2.340270 0.000000
2.212091 2.374573 0.000000
2.203608 2.415524 0.000000
2.189406 2.451684 0.000000
2.176446 2.490500 0.000000
2.163083 2.528716 0.000000
2.145940 2.565729 0.000000
2.135618 2.610179 0.000000
2.114921 2.646348 0.000000
2.104966 2.691922 0.000000
2.089702 2.734376 0.000000
2.074582 2.779112 0.000000
2.054865 2.819563 0.000000
2.041785 2.867831 0.000000
2.025124 2.916122 0.000000
2.005857 2.963197 0.000000
1.990810 3.015788 0.000000
1.966702 3.066074 0.000000
1.923853 3.084138 0.000000
1.862569 3.074928 0.000000
1.840595 3.125318 0.000000
1.819006 3.180842 0.000000
1.799611 3.240196 0.000000
1.755396 3.257655 0.000000
1.692454 3.235658 0.000000
1.629895 3.208628 0.000000
1.573833 3.188757 0.000000
1.519028 3.170954 0.000000
1.467586 3.156059 0.000000
1.417127 3.139163 0.000000
1.368673 3.120299 0.000000
1.320708 3.102559 0.000000
1.275879 3.086070 0.000000
1.232153 3.068594 0.000000
1.189951 3.054929 0.000000
1.148459 3.044711 0.000000
1.107118 3.025645 0.000000
1.067714 3.013938 0.000000
1.029824 3.001152 0.000000
0.991512 2.988724 0.000000
0.955007 2.971787 0.000000
0.919766 2.961455 0.000000
0.884719 2.947764 0.000000
0.849024 2.936419 0.000000
0.815945 2.922336 0.000000
0.781813 2.909080 0.000000
0.748326 2.903825 0.000000
0.715402 2.884929 0.000000
0.682761 2.872779 0.000000
0.648948 2.866152 0.000000
0.609011 2.898522 0.000000
0.577165 2.882955 0.000000
0.542979 2.872855 0.000000
0.509744 2.862361 0.000000
0.477444 2.851530 0.000000
0.445068 2.839794 0.000000
0.412369 2.828902 0.000000
0.379724 2.814680 0.000000
0.364796 2.765491 0.000000
0.334826 2.750583 0.000000
0.302888 2.738801 0.000000
0.269162 2.729933 0.000000
0.236560 2.721319 0.000000
0.204701 2.707003 0.000000
0.173740 2.693711 0.000000
0.136583 2.686445 0.000000
0.104506 2.670073 0.000000
0.070590 2.660252 0.000000
0.033453 2.652330 0.000000
-0.000213 2.635207 0.000000
-0.038772 2.625504 0.000000
-0.072093 2.609939 0.000000
-0.111260 2.599734 0.000000
-0.151145 2.588330 0.000000
-0.185877 2.568386 0.000000
-0.228995 2.557486 0.000000
-0.270228 2.542820 0.000000
-0.310600 2.527754 0.000000
-0.357079 2.512789 0.000000
-0.402043 2.497759 0.000000
-0.448120 2.483031 0.000000
-0.491559 2.462104 0.000000
-0.543964 2.447082 0.000000
-0.593294 2.427065 0.000000
-0.648164 2.408379 0.000000
-0.697731 2.384147 0.000000
-0.760210 2.365759 0.000000
-0.827468 2.345914 0.000000
-0.886756 2.320291 0.000000
-0.955574 2.298082 0.000000
-1.026519 2.270845 0.000000
-1.105637 2.246014 0.000000
-1.175060 2.213360 0.000000
-1.152389 2.149243 0.000000
-1.128901 2.087579 0.000000
-1.116442 2.028888 0.000000
-1.095993 1.972091 0.000000
-1.068091 1.914287 0.000000
-1.059373 1.861184 0.000000
-1.031288 1.807221 0.000000
-1.018587 1.755291 0.000000
-1.007654 1.705553 0.000000
-0.984623 1.657298 0.000000
-0.972509 1.608250 0.000000
-0.951384 1.560252 0.000000
-0.935812 1.515370 0.000000
-0.913635 1.469903 0.000000
0.142718 1.463659 0.000000
0.154515 1.445796 0.000000
0.155720 1.427771 0.000000
0.140864 1.406729 0.000000
0.102153 1.380985 0.000000
0.063555 1.355610 0.000000
0.027920 1.326466 0.000000
-0.804472 1.125224 0.000000
-0.088585 1.225908 0.000000
-0.087974 1.199041 0.000000
-0.094636 1.169888 0.000000
-0.114682 1.133981 0.000000
-0.684611 0.799122 0.000000
-0.664126 0.762656 0.000000
-0.653100 0.718296 0.000000
-0.637599 0.679060 0.000000
-0.590108 0.553121 0.000000
-0.576700 0.509072 0.000000
-0.563746 0.464493 0.000000
-0.546501 0.422200 0.000000
-0.538287 0.372086 0.000000
-0.422453 0.405736 0.000000
-0.311303 0.444089 0.000000
-0.211196 0.479224 0.000000
-0.124247 0.508021 0.000000
-0.047127 0.533970 0.000000
0.026518 0.562111 0.000000
0.095214 0.589514 0.000000
0.155660 0.610315 0.000000
0.212588 0.632843 0.000000
0.262643 0.650307 0.000000
0.310229 0.670206 0.000000
0.352218 0.684780 0.000000
0.393868 0.700697 0.000000
0.430413 0.715287 0.000000
0.465545 0.728489 0.000000
0.498944 0.741065 0.000000
0.531515 0.751952 0.000000
0.560771 0.763219 0.000000
0.587280 0.773855 0.000000
0.615186 0.784163 0.000000
0.640917 0.793001 0.000000
0.664742 0.802311 0.000000
0.687577 0.810619 0.000000
0.709713 0.819909 0.000000
0.731034 0.828354 0.000000
0.751677 0.836933 0.000000
0.772838 0.843056 0.000000
0.792576 0.850763 0.000000
0.810365 0.856988 0.000000
0.827415 0.864992 0.000000
0.845506 0.870735 0.000000
0.862355 0.877050 0.000000
0.879807 0.882482 0.000000
0.895552 0.888435 0.000000
0.911472 0.893015 0.000000
0.927655 0.898000 0.000000
0.941052 0.903308 0.000000
0.956373 0.909276 0.000000
0.972565 0.913714 0.000000
0.987449 0.919461 0.000000
1.001577 0.931558 0.000000
1.014585 0.941355 0.000000
1.027667 0.946186 0.000000
1.041920 0.951085 0.000000
1.055377 0.956189 0.000000
1.069963 0.962217 0.000000
1.081685 0.967581 0.000000
1.096464 0.971856 0.000000
1.110290 0.977026 0.000000
1.123438 0.982612 0.000000
1.136119 0.986772 0.000000
1.150358 0.991399 0.000000
1.163471 0.996753 0.000000
1.175095 1.000924 0.000000
1.188425 1.005712 0.000000
1.202090 1.011072 0.000000
1.215115 1.016770 0.000000
1.228810 1.020931 0.000000
1.243006 1.026705 0.000000
1.257125 1.032285 0.000000
1.272213 1.036552 0.000000
1.285794 1.041066 0.000000
1.300614 1.047284 0.000000
1.315524 1.052456 0.000000
1.331986 1.056805 0.000000
1.345735 1.061869 0.000000
1.362128 1.068521 0.000000
1.379461 1.072804 0.000000
1.397206 1.077321 0.000000
1.414719 1.080995 0.000000
1.432998 1.087994 0.000000
1.451865 1.095627 0.000000
1.470053 1.100653 0.000000
1.490345 1.107855 0.000000
1.508615 1.115550 0.000000
1.528949 1.123922 0.000000
1.549130 1.129577 0.000000
1.571745 1.139512 0.000000
1.595074 1.145630 0.000000
1.621215 1.153575 0.000000
1.646821 1.162616 0.000000
1.672073 1.172597 0.000000
1.700010 1.181143 0.000000
1.733637 1.188212 0.000000
1.762570 1.200292 0.000000
1.798546 1.211349 0.000000
1.835265 1.223194 0.000000
1.877036 1.232845 0.000000
1.916774 1.246225 0.000000
1.967763 1.259388 0.000000
1.998535 1.278747 0.000000
2.002271 1.307491 0.000000
2.017940 1.330419 0.000000
2.032085 1.357206 0.000000
2.049183 1.383224 0.000000
2.065606 1.409366 0.000000
2.081575 1.434941 0.000000
2.097045 1.462801 0.000000
2.116096 1.491595 0.000000
2.127681 1.521950 0.000000
2.145270 1.551720 0.000000
2.162366 1.582358 0.000000
2.180430 1.613973 0.000000
2.203934 1.646767 0.000000
2.226779 1.681129 0.000000
2.249191 1.716746 0.000000
2.276359 1.754153 0.000000
2.296369 1.792938 0.000000
