x y z
-3.020946 -3.709327 0.000000
-3.031924 -3.712658 0.000000
-3.036155 -3.717408 0.000000
-3.044218 -3.724328 0.000000
-3.053894 -3.730224 0.000000
-3.060015 -3.733143 0.000000
-3.066420 -3.736019 0.000000
-3.072894 -3.737811 0.000000
-3.074635 -3.736649 0.000000
-3.084431 -3.738192 0.000000
-3.088280 -3.736876 0.000000
-3.098390 -3.737975 0.000000
-3.101139 -3.735954 0.000000
-3.108128 -3.734572 0.000000
-3.119098 -3.734024 0.000000
-3.123946 -3.729739 0.000000
-3.133068 -3.725361 0.000000
-3.187409 -3.623615 0.000000
-3.199691 -3.616082 0.000000
-3.298960 -3.542470 0.000000
-3.318712 -3.534847 0.000000
-3.335823 -3.533325 0.000000
-3.351868 -3.532038 0.000000
-3.366341 -3.533339 0.000000
-3.376141 -3.546250 0.000000
-3.364518 -3.581889 0.000000
-3.374432 -3.591665 0.000000
-3.388539 -3.596612 0.000000
-3.416516 -3.585890 0.000000
-3.425985 -3.593472 0.000000
-3.437769 -3.602409 0.000000
-3.468535 -3.593374 0.000000
-3.459704 -3.619683 0.000000
-3.254669 -3.835427 0.000000
-3.212677 -3.887347 0.000000
-3.215735 -3.891817 0.000000
-3.216878 -3.891830 0.000000
-3.226978 -3.898465 0.000000
-3.677139 -3.754919 0.000000
-6.930772 -3.920719 0.000000
-7.135272 -4.014338 0.000000
-6.818218 -4.108522 0.000000
-6.787833 -4.197243 0.000000
-6.788139 -4.289158 0.000000
-6.911664 -4.392863 0.000000
-4.573091 -4.209537 0.000000
-4.569179 -4.247920 0.000000
-4.574308 -4.287216 0.000000
-3.323790 -4.084462 0.000000
-3.325048 -4.090899 0.000000
-3.315801 -4.096970 0.000000
-3.312079 -4.123233 0.000000
-3.313789 -4.128742 0.000000
-3.312838 -4.139815 0.000000
-3.315122 -4.145415 0.000000
-3.319507 -4.158263 0.000000
-3.327062 -4.169006 0.000000
-5.537771 -5.583828 0.000000
-7.198296 -6.750807 0.000000
-7.086986 -6.823066 0.000000
-7.097601 -6.974581 0.000000
-7.236114 -7.397299 0.000000
-7.095354 -7.452295 0.000000
-7.051854 -7.585190 0.000000
-3.633611 -4.601272 0.000000
-3.609432 -4.608070 0.000000
-3.580400 -4.608702 0.000000
-3.561147 -4.616956 0.000000
-3.542445 -4.626077 0.000000
-3.529886 -4.638935 0.000000
-3.518231 -4.657217 0.000000
-3.492097 -4.657583 0.000000
-3.481153 -4.672923 0.000000
-3.464489 -4.686167 0.000000
-3.453813 -4.704182 0.000000
-3.447538 -4.731017 0.000000
-3.434231 -4.752406 0.000000
-3.435046 -4.792295 0.000000
-3.430848 -4.834562 0.000000
-3.439018 -4.901358 0.000000
-4.064482 -6.609561 0.000000
-3.997495 -6.625293 0.000000
-3.919722 -6.606226 0.000000
-3.849844 -6.609948 0.000000
-3.788141 -6.633241 0.000000
-3.862281 -7.149862 0.000000
-3.803684 -7.240406 0.000000
-3.728113 -7.269569 0.000000
-3.717786 -7.636067 0.000000
-3.952813 -9.492560 0.000000
-3.780527 -9.247430 0.000000
-3.492104 -7.985948 0.000000
-3.312099 -8.188236 0.000000
-3.202742 -8.028568 0.000000
-3.106057 -8.034845 0.000000
-3.006852 -7.706544 0.000000
-2.918035 -7.737479 0.000000
-2.828033 -7.720224 0.000000
-2.736929 -7.725741 0.000000
-2.643937 -7.723594 0.000000
-2.554510 -7.714791 0.000000
-2.464650 -7.701216 0.000000
-2.478217 -6.677759 0.000000
-2.462417 -6.183573 0.000000
-2.483602 -5.895258 0.000000
-2.482880 -5.728483 0.000000
-2.474903 -5.608472 0.000000
-2.474854 -5.484455 0.000000
-2.425785 -5.506761 0.000000
-2.425370 -5.401047 0.000000
-2.424438 -5.309505 0.000000
-2.425167 -5.227615 0.000000
-2.423485 -5.157534 0.000000
-2.424117 -5.083177 0.000000
-2.423884 -5.025674 0.000000
-2.423885 -4.965136 0.000000
-2.424347 -4.912198 0.000000
-2.423921 -4.866541 0.000000
-2.425968 -4.818168 0.000000
-2.426224 -4.777290 0.000000
-2.426227 -4.736379 0.000000
-2.426061 -4.700968 0.000000
-2.426331 -4.664842 0.000000
-2.426709 -4.632738 0.000000
-2.427762 -4.601592 0.000000
-2.426476 -4.573024 0.000000
-2.426794 -4.542796 0.000000
-2.428384 -4.516902 0.000000
-2.429137 -4.490893 0.000000
-2.428674 -4.465373 0.000000
-2.428187 -4.442655 0.000000
-2.429267 -4.419618 0.000000
-2.428427 -4.398731 0.000000
-2.426789 -4.377635 0.000000
-2.426897 -4.356536 0.000000
-2.428706 -4.337463 0.000000
-2.426512 -4.317596 0.000000
-2.425777 -4.299480 0.000000
-2.427315 -4.282272 0.000000
-2.426910 -4.265408 0.000000
-2.426424 -4.247396 0.000000
-2.425584 -4.229328 0.000000
-2.425454 -4.213341 0.000000
-2.425562 -4.197720 0.000000
-2.425717 -4.180212 0.000000
-2.425568 -4.165518 0.000000
-2.426547 -4.150888 0.000000
-2.425990 -4.135979 0.000000
-2.425736 -4.118287 0.000000
-2.425256 -4.103653 0.000000
-2.427087 -4.088604 0.000000
-2.426488 -4.075374 0.000000
-2.425085 -4.058848 0.000000
-2.426556 -4.044396 0.000000
-2.425480 -4.031986 0.000000
-2.425079 -4.016947 0.000000
-2.424807 -4.001425 0.000000
-2.424650 -3.987999 0.000000
-2.425344 -3.973456 0.000000
-2.425191 -3.958210 0.000000
-2.425968 -3.945269 0.000000
-2.424351 -3.931550 0.000000
-2.424424 -3.916929 0.000000
-2.425205 -3.900170 0.000000
-2.424703 -3.885900 0.000000
-2.423220 -3.871779 0.000000
-2.424047 -3.856805 0.000000
-2.424328 -3.841379 0.000000
-2.424148 -3.826157 0.000000
-2.423236 -3.811909 0.000000
-2.420863 -3.795844 0.000000
-2.421686 -3.779292 0.000000
-2.421971 -3.762447 0.000000
-2.421234 -3.745806 0.000000
-2.420416 -3.728368 0.000000
-2.419989 -3.712701 0.000000
-2.420811 -3.693020 0.000000
-2.420322 -3.674652 0.000000
-2.420342 -3.658666 0.000000
-2.419198 -3.637391 0.000000
-2.420559 -3.618592 0.000000
-2.419026 -3.598525 0.000000
-2.417959 -3.574925 0.000000
-2.417501 -3.554654 0.000000
-2.417802 -3.531926 0.000000
-2.418219 -3.508159 0.000000
-2.416892 -3.482508 0.000000
-2.417726 -3.458846 0.000000
-2.416058 -3.431870 0.000000
-2.416455 -3.403393 0.000000
-2.415681 -3.375694 0.000000
-2.416447 -3.344402 0.000000
-2.413763 -3.310858 0.000000
-2.413262 -3.278017 0.000000
-2.412272 -3.241027 0.000000
-2.412451 -3.201909 0.000000
-2.410890 -3.162590 0.000000
-2.411126 -3.117725 0.000000
-2.409639 -3.069645 0.000000
-2.407432 -3.019146 0.000000
-2.404952 -2.963036 0.000000
-2.402779 -2.902832 0.000000
-2.402527 -2.837196 0.000000
-2.402772 -2.772104 0.000000
-2.402486 -2.695234 0.000000
-2.402479 -2.610839 0.000000
-2.401273 -2.518572 0.000000
-2.351703 -2.290316 0.000000
-2.450417 -2.425491 0.000000
-2.494713 -2.432866 0.000000
-2.534988 -2.425998 0.000000
-2.577939 -2.427983 0.000000
-2.617989 -2.432017 0.000000
-2.843741 -3.180108 0.000000
-2.862988 -3.176252 0.000000
-2.998012 -3.681176 0.000000
-3.008276 -3.692958 0.000000
-3.015165 -3.707322 0.000000
