x y z
-1.572218 -1.095508 0.000000
-1.594788 -1.096485 0.000000
-1.616111 -1.096491 0.000000
-1.638923 -1.097669 0.000000
-1.661362 -1.093476 0.000000
-1.683571 -1.096995 0.000000
-1.706301 -1.095223 0.000000
-1.729388 -1.095383 0.000000
-1.750945 -1.092481 0.000000
-1.773579 -1.094516 0.000000
-1.794275 -1.094866 0.000000
-1.817754 -1.094990 0.000000
-1.838782 -1.096556 0.000000
-1.861966 -1.096080 0.000000
-1.884621 -1.096116 0.000000
-1.906194 -1.093513 0.000000
-1.930366 -1.095448 0.000000
-1.953762 -1.096971 0.000000
-1.842480 -0.531808 0.000000
-1.844969 -0.510126 0.000000
-1.851822 -0.507893 0.000000
-1.861196 -0.503115 0.000000
-1.866217 -0.492256 0.000000
-1.870928 -0.490389 0.000000
-1.879809 -0.491130 0.000000
-1.891004 -0.493845 0.000000
-1.904601 -0.504980 0.000000
-1.933706 -0.502691 0.000000
-1.933859 -0.480578 0.000000
-1.930504 -0.462370 0.000000
-1.929176 -0.444235 0.000000
-1.927481 -0.428261 0.000000
-1.913221 -0.389604 0.000000
-1.911414 -0.377895 0.000000
-1.910106 -0.365408 0.000000
-1.904482 -0.353168 0.000000
-1.904566 -0.342585 0.000000
-1.904179 -0.332923 0.000000
-1.900864 -0.327467 0.000000
-1.901467 -0.317606 0.000000
-1.900560 -0.310698 0.000000
-1.900637 -0.304784 0.000000
-1.893952 -0.294833 0.000000
-1.898083 -0.293836 0.000000
-1.897378 -0.286080 0.000000
-1.896911 -0.280643 0.000000
-1.896163 -0.274952 0.000000
-1.897419 -0.270585 0.000000
-1.896035 -0.265112 0.000000
-1.913491 -0.267429 0.000000
-1.908664 -0.260538 0.000000
-1.908113 -0.255441 0.000000
-1.907536 -0.250868 0.000000
-1.906810 -0.245573 0.000000
-1.906565 -0.240880 0.000000
-1.906373 -0.235477 0.000000
-1.882703 -0.221609 0.000000
-1.882579 -0.217792 0.000000
-1.881862 -0.213935 0.000000
-1.881538 -0.210219 0.000000
-1.881873 -0.206549 0.000000
-1.880869 -0.202805 0.000000
-1.880769 -0.199186 0.000000
-1.880330 -0.195537 0.000000
-1.880551 -0.191896 0.000000
-1.879684 -0.188330 0.000000
-1.880476 -0.184683 0.000000
-1.880672 -0.180961 0.000000
-1.879541 -0.177450 0.000000
-1.880053 -0.173696 0.000000
-1.878989 -0.170159 0.000000
-1.878829 -0.166508 0.000000
-1.879309 -0.162688 0.000000
-1.878091 -0.156623 0.000000
-1.878496 -0.155246 0.000000
-1.877229 -0.151740 0.000000
-1.878027 -0.147611 0.000000
-1.878236 -0.143584 0.000000
-1.876219 -0.140285 0.000000
-1.877840 -0.135569 0.000000
-1.876400 -0.123379 0.000000
-1.876126 -0.119040 0.000000
-1.876398 -0.114341 0.000000
-1.876072 -0.109801 0.000000
-1.875420 -0.105401 0.000000
-1.875027 -0.100666 0.000000
-1.874512 -0.095935 0.000000
-1.876136 -0.091331 0.000000
-1.875308 -0.086463 0.000000
-1.875135 -0.080984 0.000000
-1.875296 -0.076065 0.000000
-1.874196 -0.069826 0.000000
-1.874151 -0.063477 0.000000
-1.872487 -0.058495 0.000000
-1.872380 -0.051351 0.000000
-1.871860 -0.044681 0.000000
-1.872204 -0.036596 0.000000
-1.872697 -0.029775 0.000000
-1.870582 -0.021921 0.000000
-1.870101 -0.013347 0.000000
-1.871737 -0.008641 0.000000
-1.874258 0.019154 0.000000
-1.874705 0.029855 0.000000
-1.874316 0.039768 0.000000
-1.850037 0.021362 0.000000
-1.869820 0.089794 0.000000
-1.891212 0.138308 0.000000
-1.888325 0.158022 0.000000
-1.857551 0.116423 0.000000
-1.850479 0.123139 0.000000
-1.850666 0.138475 0.000000
-1.820905 0.089055 0.000000
-2.368900 2.066110 0.000000
-2.177456 2.009919 0.000000
-2.111462 1.949865 0.000000
-2.050159 1.921345 0.000000
-1.996471 1.919859 0.000000
-1.849715 1.077339 0.000000
-1.829418 1.193319 0.000000
-1.799463 1.288905 0.000000
-1.763345 1.285562 0.000000
-1.726231 1.279087 0.000000
-1.687100 1.392668 0.000000
-1.630210 1.880771 0.000000
-1.557802 2.210173 0.000000
-1.517513 2.001982 0.000000
-1.463883 1.984451 0.000000
-1.411880 1.963729 0.000000
-0.384185 3.936228 0.000000
0.697753 5.005177 0.000000
0.683005 4.656146 0.000000
0.657907 4.315446 0.000000
0.632919 4.012629 0.000000
0.614545 3.747700 0.000000
0.287265 2.676657 0.000000
0.610498 2.661825 0.000000
0.511171 2.404950 0.000000
0.501726 2.265037 0.000000
0.505886 2.152540 0.000000
0.487193 2.016571 0.000000
0.482794 1.904119 0.000000
0.466200 1.786122 0.000000
0.454999 1.678772 0.000000
0.455157 1.585726 0.000000
0.436880 1.481208 0.000000
0.444303 1.403178 0.000000
0.429326 1.310195 0.000000
0.414491 1.222917 0.000000
0.409942 1.143946 0.000000
0.407459 1.068068 0.000000
0.400352 0.993504 0.000000
0.399878 0.925545 0.000000
-1.463229 -0.089230 0.000000
-1.469243 -0.096618 0.000000
-1.482073 -0.112174 0.000000
-1.485101 -0.122683 0.000000
-1.485983 -0.128839 0.000000
-1.485952 -0.131934 0.000000
-1.483651 -0.145549 0.000000
-1.480567 -0.147018 0.000000
-1.476160 -0.154940 0.000000
-1.473273 -0.159137 0.000000
-1.469823 -0.164516 0.000000
-1.464355 -0.171385 0.000000
-1.458591 -0.174433 0.000000
-1.449750 -0.179455 0.000000
-1.439028 -0.184109 0.000000
-1.381779 -0.212662 0.000000
0.471167 -0.488803 0.000000
0.467051 -0.544654 0.000000
0.477941 -0.601022 0.000000
0.478928 -0.658239 0.000000
0.487718 -0.716662 0.000000
0.483920 -0.773549 0.000000
0.491397 -0.834221 0.000000
0.490541 -0.893508 0.000000
0.495232 -0.956245 0.000000
0.504967 -1.022154 0.000000
0.509344 -1.084805 0.000000
0.258380 -1.046255 0.000000
0.121128 -1.043248 0.000000
0.067553 -1.075257 0.000000
0.013603 -1.104495 0.000000
-0.087774 -1.107265 0.000000
-0.180704 -1.105715 0.000000
-0.271482 -1.104190 0.000000
-0.347403 -1.105991 0.000000
-0.427353 -1.103294 0.000000
-0.490736 -1.104759 0.000000
-0.554636 -1.105308 0.000000
-0.614985 -1.103400 0.000000
-0.674526 -1.102582 0.000000
-0.727962 -1.100537 0.000000
-0.775984 -1.101332 0.000000
-0.821035 -1.104663 0.000000
-0.864931 -1.105989 0.000000
-0.909991 -1.101826 0.000000
-0.949766 -1.105302 0.000000
-0.981826 -1.111677 0.000000
-1.349293 -0.708365 0.000000
-1.381562 -0.690444 0.000000
-1.396346 -0.695210 0.000000
-1.401072 -0.716251 0.000000
-1.425106 -0.706455 0.000000
-1.436638 -0.715832 0.000000
-1.451060 -0.721814 0.000000
-1.464237 -0.727555 0.000000
-1.473483 -0.741842 0.000000
-1.482194 -0.757152 0.000000
-1.488768 -0.780158 0.000000
-1.418788 -1.098551 0.000000
-1.445102 -1.096806 0.000000
-1.469293 -1.096903 0.000000
-1.493109 -1.098116 0.000000
-1.515706 -1.097924 0.000000
-1.539287 -1.097926 0.000000
