x y z
-0.633115 -3.499536 0.000000
-0.629328 -3.568290 0.000000
-0.687586 -3.643932 0.000000
-0.328964 -3.669394 0.000000
-0.085796 -3.721553 0.000000
0.127149 -3.788484 0.000000
0.289738 -3.868071 0.000000
2.124211 -3.924653 0.000000
1.819537 -4.056954 0.000000
1.312269 -4.394675 0.000000
0.612768 -4.436348 0.000000
0.316779 -4.496809 0.000000
0.266625 -4.580280 0.000000
0.306899 -4.679644 0.000000
0.297192 -4.769291 0.000000
0.274134 -4.952263 0.000000
0.242645 -5.038344 0.000000
-0.503035 -4.981442 0.000000
-0.862454 -4.933157 0.000000
-1.207927 -4.930634 0.000000
-1.562377 -4.838071 0.000000
-1.704621 -4.824494 0.000000
-1.849449 -4.803267 0.000000
-1.865364 -4.843266 0.000000
-1.933337 -4.853362 0.000000
-2.034536 -4.840031 0.000000
-2.121630 -4.831934 0.000000
-2.205571 -4.821767 0.000000
-2.281580 -4.811230 0.000000
-2.345605 -4.806533 0.000000
-2.407605 -4.798649 0.000000
-2.450957 -4.803044 0.000000
