x y z
-2.509550 -4.010962 0.000000
-2.503210 -4.004112 0.000000
-2.557773 -3.978715 0.000000
-2.559373 -3.968213 0.000000
-2.558329 -3.960088 0.000000
-2.555073 -3.954821 0.000000
-2.549258 -3.945991 0.000000
-2.470454 -3.917110 0.000000
-2.476143 -3.908812 0.000000
-2.409670 -3.878017 0.000000
-2.405939 -3.864771 0.000000
-2.394961 -3.851808 0.000000
-2.352320 -3.822423 0.000000
-2.394971 -3.816333 0.000000
-2.396265 -3.804593 0.000000
-2.393010 -3.790429 0.000000
-2.311386 -3.730392 0.000000
-2.431855 -3.750222 0.000000
-2.456877 -3.746246 0.000000
-2.468416 -3.737141 0.000000
-2.475720 -3.728007 0.000000
-2.478070 -3.717745 0.000000
-2.479031 -3.705715 0.000000
-2.467987 -3.687555 0.000000
-1.049115 -2.883105 0.000000
-1.006529 -2.801330 0.000000
-0.971255 -2.718361 0.000000
-0.930855 -2.629416 0.000000
-0.882606 -2.529671 0.000000
-0.829878 -2.419436 0.000000
-0.823383 -2.337754 0.000000
-2.328130 -3.433039 0.000000
-2.401178 -3.467714 0.000000
-2.424321 -3.468620 0.000000
-2.440547 -3.461724 0.000000
-2.637665 -3.610825 0.000000
-2.653970 -3.614001 0.000000
-2.677339 -3.627572 0.000000
-2.690919 -3.631948 0.000000
-2.697648 -3.624563 0.000000
-2.696820 -3.612353 0.000000
-2.696222 -3.595344 0.000000
-2.710377 -3.599147 0.000000
-2.714318 -3.592720 0.000000
-2.717021 -3.576824 0.000000
-2.538940 -3.233455 0.000000
-2.561936 -3.200580 0.000000
-2.571089 -3.174333 0.000000
-2.584876 -3.157204 0.000000
-2.594117 -3.127045 0.000000
-2.615984 -3.133481 0.000000
-2.637951 -3.135825 0.000000
-2.651792 -3.117388 0.000000
-2.685687 -3.151642 0.000000
-2.713653 -3.182950 0.000000
-2.724871 -3.159877 0.000000
-2.765842 -3.247154 0.000000
-2.783572 -3.253211 0.000000
-2.882821 -3.686413 0.000000
-2.813009 -3.235574 0.000000
-2.826716 -3.218869 0.000000
-2.840300 -3.182698 0.000000
-2.850835 -3.121039 0.000000
-2.913695 -3.656670 0.000000
-2.912484 -3.654603 0.000000
-2.921173 -3.658451 0.000000
-2.926517 -3.660223 0.000000
-2.941369 -3.661006 0.000000
-2.945463 -3.651311 0.000000
-2.951901 -3.647945 0.000000
-2.958649 -3.643746 0.000000
-2.965637 -3.641787 0.000000
-2.975158 -3.637301 0.000000
-2.984140 -3.631057 0.000000
-3.237096 -3.092183 0.000000
-3.240702 -3.138308 0.000000
-3.249862 -3.170545 0.000000
-3.263337 -3.185463 0.000000
-3.274475 -3.208692 0.000000
-3.285283 -3.230058 0.000000
-3.297896 -3.242606 0.000000
-3.309074 -3.262976 0.000000
-3.328379 -3.264473 0.000000
-3.350299 -3.268553 0.000000
-3.372018 -3.269717 0.000000
-3.393768 -3.271746 0.000000
-3.418212 -3.271674 0.000000
-3.440252 -3.273083 0.000000
-3.470551 -3.270967 0.000000
-2.821225 -4.013467 0.000000
-2.817671 -4.012925 0.000000
-2.810601 -4.009249 0.000000
-2.810812 -4.011106 0.000000
-2.807560 -4.009865 0.000000
-2.804317 -4.008526 0.000000
-2.763815 -4.022098 0.000000
-2.757623 -4.021590 0.000000
-2.752980 -4.019648 0.000000
-2.748117 -4.017652 0.000000
-2.698311 -4.026064 0.000000
-2.691917 -4.022318 0.000000
-2.680897 -4.014455 0.000000
-2.569140 -4.056241 0.000000
-2.616282 -4.022616 0.000000
-2.612044 -4.016471 0.000000
