x y z
1.667603 2.117178 0.000000
1.655462 2.116252 0.000000
1.643542 2.116319 0.000000
1.632156 2.116705 0.000000
1.619969 2.116417 0.000000
1.607500 2.116280 0.000000
1.592734 2.115761 0.000000
1.581155 2.114946 0.000000
1.568973 2.115247 0.000000
1.556045 2.116340 0.000000
1.541064 2.114529 0.000000
1.527774 2.115629 0.000000
1.514188 2.114136 0.000000
1.501715 2.114979 0.000000
1.486546 2.115116 0.000000
1.472684 2.115531 0.000000
1.457787 2.115649 0.000000
1.443671 2.115855 0.000000
1.427738 2.117287 0.000000
1.411193 2.117395 0.000000
1.393391 2.117161 0.000000
1.375874 2.118190 0.000000
1.356293 2.119477 0.000000
1.337718 2.119814 0.000000
1.319997 2.120412 0.000000
1.299689 2.119749 0.000000
1.279970 2.120431 0.000000
1.257121 2.119813 0.000000
1.237241 2.118006 0.000000
1.214198 2.118184 0.000000
1.190578 2.117577 0.000000
1.164551 2.116690 0.000000
1.135372 2.117208 0.000000
1.107479 2.116626 0.000000
1.078903 2.116125 0.000000
1.044326 2.116476 0.000000
1.010161 2.115698 0.000000
0.973501 2.117564 0.000000
0.932407 2.118207 0.000000
0.886221 2.119600 0.000000
0.839269 2.118565 0.000000
0.788655 2.118497 0.000000
0.707754 2.132130 0.000000
0.706221 2.101263 0.000000
0.685332 2.080465 0.000000
0.659307 2.061858 0.000000
0.632428 2.042021 0.000000
0.605851 2.022501 0.000000
0.580148 2.000405 0.000000
0.551898 1.977821 0.000000
0.526646 1.953014 0.000000
0.501348 1.927998 0.000000
0.469638 1.904165 0.000000
0.442693 1.878863 0.000000
0.405236 1.851750 0.000000
0.369961 1.825292 0.000000
0.331069 1.796266 0.000000
0.293058 1.765422 0.000000
0.249654 1.735253 0.000000
0.209533 1.700541 0.000000
0.175002 1.663797 0.000000
0.157131 1.627131 0.000000
0.154693 1.587873 0.000000
0.157964 1.549163 0.000000
0.153652 1.510793 0.000000
0.154644 1.471312 0.000000
0.153992 1.432772 0.000000
0.158570 1.392576 0.000000
0.146344 1.352841 0.000000
0.151338 1.312984 0.000000
0.151202 1.273149 0.000000
0.157144 1.233498 0.000000
0.149407 1.190729 0.000000
0.154095 1.149866 0.000000
0.152735 1.106591 0.000000
0.152567 1.062955 0.000000
0.150381 1.019703 0.000000
0.151599 0.973946 0.000000
0.150900 0.928977 0.000000
0.153388 0.881895 0.000000
0.152610 0.834273 0.000000
0.149911 0.785492 0.000000
0.157692 0.738465 0.000000
0.150721 0.682712 0.000000
0.149990 0.628915 0.000000
0.155117 0.577313 0.000000
0.156036 0.521888 0.000000
0.148678 0.456391 0.000000
0.159850 0.406041 0.000000
0.235072 0.402338 0.000000
0.248534 0.352824 0.000000
0.251505 0.290099 0.000000
0.251605 0.223397 0.000000
0.284843 0.185292 0.000000
0.353920 0.184865 0.000000
0.420730 0.183829 0.000000
0.484377 0.184910 0.000000
0.546935 0.185518 0.000000
0.604508 0.184600 0.000000
0.660949 0.187506 0.000000
0.717523 0.188580 0.000000
0.766421 0.185366 0.000000
0.819890 0.187312 0.000000
0.866610 0.184420 0.000000
0.912558 0.182286 0.000000
0.962109 0.185346 0.000000
1.007675 0.188257 0.000000
1.049916 0.182485 0.000000
1.093779 0.185318 0.000000
1.135504 0.185480 0.000000
1.177977 0.185049 0.000000
1.217937 0.184729 0.000000
1.256810 0.184428 0.000000
1.296723 0.185289 0.000000
1.333512 0.181510 0.000000
1.373446 0.185090 0.000000
1.411719 0.189761 0.000000
1.449833 0.188260 0.000000
1.478556 0.142914 0.000000
1.516608 0.142308 0.000000
1.553321 0.142806 0.000000
1.590294 0.139405 0.000000
1.626997 0.144708 0.000000
1.664063 0.136875 0.000000
1.730415 1.103995 0.000000
1.741621 1.107113 0.000000
1.756525 1.108727 0.000000
1.766474 1.112554 0.000000
1.781056 1.115866 0.000000
1.792724 1.121959 0.000000
1.802829 1.131895 0.000000
1.814263 1.141598 0.000000
1.828810 1.144922 0.000000
1.839926 1.149639 0.000000
1.851634 1.142630 0.000000
1.872197 1.119657 0.000000
2.183106 0.171996 0.000000
2.219003 0.181801 0.000000
2.259808 0.179989 0.000000
2.302488 0.180183 0.000000
2.343831 0.181169 0.000000
2.387193 0.177506 0.000000
2.431790 0.177673 0.000000
2.474073 0.178601 0.000000
2.521456 0.176779 0.000000
1.979808 1.220151 0.000000
1.985456 1.235216 0.000000
1.991648 1.248655 0.000000
1.997131 1.256061 0.000000
2.007708 1.264809 0.000000
2.017067 1.272414 0.000000
2.025243 1.276743 0.000000
2.036364 1.281955 0.000000
2.049744 1.282811 0.000000
2.063452 1.288556 0.000000
2.075995 1.292534 0.000000
2.087625 1.296649 0.000000
2.101128 1.299852 0.000000
2.117923 1.301548 0.000000
2.133490 1.304558 0.000000
3.409766 0.408699 0.000000
3.404377 0.474452 0.000000
3.407041 0.533843 0.000000
3.402482 0.594000 0.000000
3.404543 0.649544 0.000000
3.405842 0.705223 0.000000
3.406053 0.758836 0.000000
3.401960 0.812057 0.000000
3.411917 0.859660 0.000000
3.403591 0.913356 0.000000
3.410393 0.959525 0.000000
3.414434 1.005095 0.000000
3.408036 1.055155 0.000000
3.404693 1.102086 0.000000
3.406562 1.146644 0.000000
3.412346 1.190641 0.000000
3.409060 1.236953 0.000000
3.411732 1.279405 0.000000
3.402359 1.324226 0.000000
3.411297 1.366747 0.000000
3.405969 1.408895 0.000000
3.408737 1.453854 0.000000
3.416249 1.494619 0.000000
3.402108 1.537708 0.000000
3.402113 1.579097 0.000000
3.402355 1.620883 0.000000
3.405050 1.663178 0.000000
3.408990 1.704320 0.000000
3.404659 1.745638 0.000000
3.407241 1.787992 0.000000
3.084694 1.796975 0.000000
3.405597 1.873693 0.000000
3.416022 1.916932 0.000000
3.404540 1.957732 0.000000
3.410086 2.003556 0.000000
3.414712 2.047498 0.000000
3.411660 2.092082 0.000000
3.393067 2.132461 0.000000
3.257823 2.134280 0.000000
3.141756 2.136107 0.000000
3.038960 2.140084 0.000000
2.943007 2.138260 0.000000
2.860196 2.139668 0.000000
2.786352 2.139180 0.000000
2.712684 2.137067 0.000000
2.650969 2.136751 0.000000
2.593427 2.134607 0.000000
2.541405 2.134045 0.000000
2.497244 2.135172 0.000000
2.453186 2.133197 0.000000
2.411756 2.131667 0.000000
2.375822 2.131807 0.000000
2.341418 2.132706 0.000000
2.311715 2.132138 0.000000
2.281012 2.130883 0.000000
2.252031 2.132897 0.000000
2.225344 2.133147 0.000000
2.199148 2.132230 0.000000
2.175158 2.132035 0.000000
2.152448 2.131783 0.000000
2.129907 2.130827 0.000000
2.108706 2.131760 0.000000
2.086308 2.130815 0.000000
2.067468 2.130149 0.000000
2.048612 2.129646 0.000000
2.031495 2.128470 0.000000
2.014164 2.128494 0.000000
1.997144 2.128476 0.000000
1.979078 2.128852 0.000000
1.962744 2.128978 0.000000
1.948529 2.128529 0.000000
1.933649 2.128045 0.000000
1.918762 2.128282 0.000000
1.903918 2.127852 0.000000
1.889389 2.128787 0.000000
1.877480 2.129290 0.000000
1.862285 2.128663 0.000000
1.847670 2.129795 0.000000
1.836924 2.129616 0.000000
1.822627 2.128949 0.000000
1.809263 2.129255 0.000000
1.796128 2.129431 0.000000
1.783798 2.121350 0.000000
1.768503 2.116595 0.000000
1.756676 2.117656 0.000000
1.744894 2.117175 0.000000
1.731843 2.116946 0.000000
1.722142 2.116858 0.000000
1.708597 2.116760 0.000000
1.696639 2.116611 0.000000
1.685329 2.116463 0.000000
