x y z
-3.469593 -3.835580 0.000000
-3.466727 -3.831653 0.000000
-3.464675 -3.827374 0.000000
-3.462299 -3.823262 0.000000
-3.461794 -3.818120 0.000000
-3.458988 -3.814217 0.000000
-3.459068 -3.808547 0.000000
-3.456278 -3.806933 0.000000
-3.451703 -3.801853 0.000000
-3.448535 -3.798236 0.000000
-3.445686 -3.794404 0.000000
-3.442746 -3.790641 0.000000
-3.440673 -3.786145 0.000000
-3.440421 -3.783916 0.000000
-3.436147 -3.777241 0.000000
-3.435144 -3.771822 0.000000
-3.437155 -3.766021 0.000000
-3.432761 -3.760013 0.000000
-3.432664 -3.752469 0.000000
-3.431682 -3.746299 0.000000
-3.428160 -3.741415 0.000000
-3.431305 -3.738817 0.000000
-3.429419 -3.700227 0.000000
-3.430467 -3.695532 0.000000
-3.436768 -3.652548 0.000000
-3.433615 -3.645932 0.000000
-3.427832 -3.585719 0.000000
-3.427030 -3.574815 0.000000
-3.422041 -3.559679 0.000000
-3.416495 -3.548602 0.000000
-3.410758 -3.538205 0.000000
-3.407319 -3.526618 0.000000
-3.496524 -3.047117 0.000000
-3.485393 -2.770275 0.000000
-3.359091 -3.252145 0.000000
-3.342730 -3.244810 0.000000
-3.327602 -3.239726 0.000000
-3.312464 -3.224486 0.000000
-3.281945 -3.497567 0.000000
-3.270700 -3.512128 0.000000
-3.262514 -3.533594 0.000000
-3.251391 -3.548297 0.000000
-3.244521 -3.556841 0.000000
-3.234758 -3.552587 0.000000
-3.210714 -3.614412 0.000000
-3.048369 -2.817001 0.000000
-3.018227 -2.813702 0.000000
-2.993339 -2.827075 0.000000
-2.963066 -2.814586 0.000000
-2.939715 -2.836965 0.000000
-3.051774 -3.265983 0.000000
-3.038786 -3.281846 0.000000
-3.024036 -3.286483 0.000000
-3.005756 -3.288424 0.000000
-2.987654 -3.289663 0.000000
-2.964934 -3.278286 0.000000
-3.163830 -3.720463 0.000000
-2.931364 -3.286930 0.000000
-2.921420 -3.305176 0.000000
-2.903707 -3.307274 0.000000
-2.858487 -3.270451 0.000000
-3.127708 -3.719456 0.000000
-3.121299 -3.725201 0.000000
-3.120515 -3.729573 0.000000
-3.117034 -3.732424 0.000000
-3.105624 -3.734431 0.000000
-3.094670 -3.740533 0.000000
-3.089920 -3.740595 0.000000
-3.081916 -3.741836 0.000000
-3.073249 -3.743725 0.000000
-3.067592 -3.747310 0.000000
-3.056165 -3.745476 0.000000
-3.042216 -3.741746 0.000000
-2.598157 -3.441052 0.000000
-2.582000 -3.453927 0.000000
-2.569075 -3.468622 0.000000
-2.560357 -3.488374 0.000000
-2.536785 -3.497890 0.000000
-2.507633 -3.503421 0.000000
-2.498128 -3.524202 0.000000
-2.487775 -3.541102 0.000000
-2.470790 -3.556782 0.000000
-2.451092 -3.573160 0.000000
-2.423038 -3.585671 0.000000
-2.389212 -3.595041 0.000000
-2.341852 -3.602099 0.000000
2.616659 -2.892302 0.000000
-0.282344 -3.481024 0.000000
-0.388122 -3.567900 0.000000
-0.476793 -3.648298 0.000000
-0.484473 -3.715989 0.000000
-0.514895 -3.786435 0.000000
-0.534852 -3.853498 0.000000
-0.359417 -3.919056 0.000000
0.039832 -3.996747 0.000000
0.258495 -4.085392 0.000000
0.409553 -4.180682 0.000000
2.249270 -4.434502 0.000000
1.917251 -4.531101 0.000000
1.391265 -4.817908 0.000000
0.697775 -4.788316 0.000000
0.369679 -4.809958 0.000000
0.303445 -4.886693 0.000000
0.310545 -4.980838 0.000000
0.302336 -5.074965 0.000000
0.270154 -5.256265 0.000000
0.230532 -5.339767 0.000000
0.006076 -5.341788 0.000000
-0.519147 -5.199505 0.000000
-0.837477 -5.127396 0.000000
-1.366694 -4.989338 0.000000
-1.535758 -4.953306 0.000000
-1.687464 -4.917851 0.000000
-1.826624 -4.883650 0.000000
-1.908479 -4.926710 0.000000
-2.014810 -4.900409 0.000000
-2.100704 -4.881941 0.000000
-2.179786 -4.863148 0.000000
-2.254132 -4.844404 0.000000
-2.317842 -4.831630 0.000000
-2.380789 -4.815762 0.000000
-2.433445 -4.808582 0.000000
-2.488749 -4.793832 0.000000
-2.536669 -4.781544 0.000000
-2.581621 -4.770771 0.000000
-2.626204 -4.760411 0.000000
-2.665407 -4.750393 0.000000
-2.703993 -4.740095 0.000000
-2.739989 -4.732399 0.000000
-2.774983 -4.724758 0.000000
-2.806159 -4.715500 0.000000
-2.836757 -4.709057 0.000000
-2.865371 -4.702573 0.000000
-2.894587 -4.694937 0.000000
-2.922084 -4.686391 0.000000
-2.947503 -4.679630 0.000000
-2.974274 -4.673968 0.000000
-2.996422 -4.668814 0.000000
-3.019872 -4.664723 0.000000
-3.041902 -4.659598 0.000000
-3.063912 -4.654754 0.000000
-3.084857 -4.650913 0.000000
-3.105013 -4.646637 0.000000
-3.123542 -4.642042 0.000000
-3.144526 -4.637538 0.000000
-3.164374 -4.632305 0.000000
-3.181215 -4.629684 0.000000
-3.199644 -4.625128 0.000000
-3.218867 -4.618952 0.000000
-3.235268 -4.616847 0.000000
-3.251766 -4.613623 0.000000
-3.269046 -4.609539 0.000000
-3.287046 -4.604282 0.000000
-3.302783 -4.601860 0.000000
-3.320551 -4.596977 0.000000
-3.336055 -4.594543 0.000000
-3.351693 -4.590229 0.000000
-3.367971 -4.587725 0.000000
-3.383044 -4.582213 0.000000
-3.399472 -4.580158 0.000000
-3.416701 -4.576261 0.000000
-3.431400 -4.572961 0.000000
-3.447979 -4.568855 0.000000
-3.461896 -4.564761 0.000000
-3.479237 -4.561941 0.000000
-3.496142 -4.558001 0.000000
-3.510232 -4.556431 0.000000
-3.526083 -4.551771 0.000000
-3.542759 -4.548505 0.000000
-3.559735 -4.544120 0.000000
-3.576101 -4.538984 0.000000
-3.591333 -4.537278 0.000000
-3.607451 -4.533087 0.000000
-3.626250 -4.529844 0.000000
-3.643337 -4.525328 0.000000
-3.658742 -4.522827 0.000000
-3.676847 -4.519732 0.000000
-3.694729 -4.513589 0.000000
-3.713923 -4.510554 0.000000
-3.731001 -4.507029 0.000000
-3.752217 -4.503957 0.000000
-3.770684 -4.498672 0.000000
-3.790161 -4.495278 0.000000
-3.811184 -4.491328 0.000000
-3.832419 -4.485895 0.000000
-3.854231 -4.480292 0.000000
-3.877445 -4.476162 0.000000
-3.900083 -4.472750 0.000000
-3.922577 -4.464730 0.000000
-3.947214 -4.461945 0.000000
-3.973541 -4.456829 0.000000
-3.998951 -4.450897 0.000000
-4.029605 -4.445030 0.000000
-4.057832 -4.437735 0.000000
-4.088220 -4.433517 0.000000
-4.121728 -4.426287 0.000000
-4.155419 -4.420590 0.000000
-4.189939 -4.412405 0.000000
-3.616591 -4.068634 0.000000
-3.585337 -4.041105 0.000000
-3.582907 -4.030496 0.000000
-3.577248 -4.019982 0.000000
-3.546331 -3.998376 0.000000
-3.546597 -3.988889 0.000000
-3.539612 -3.976158 0.000000
-3.519057 -3.968574 0.000000
-3.516820 -3.955802 0.000000
-3.513961 -3.951734 0.000000
-3.512809 -3.944015 0.000000
-3.512082 -3.941745 0.000000
-3.511437 -3.935984 0.000000
-3.511820 -3.927465 0.000000
-3.512221 -3.924353 0.000000
-3.512658 -3.916688 0.000000
-3.513633 -3.911266 0.000000
-3.513624 -3.910772 0.000000
-3.512693 -3.900449 0.000000
-3.508876 -3.896323 0.000000
-3.495587 -3.891484 0.000000
-3.489258 -3.887223 0.000000
-3.488286 -3.882428 0.000000
-3.489411 -3.877250 0.000000
-3.487946 -3.872462 0.000000
-3.490029 -3.866912 0.000000
-3.489057 -3.862000 0.000000
-3.485805 -3.857732 0.000000
-3.481035 -3.854039 0.000000
-3.478315 -3.849763 0.000000
-3.475831 -3.845752 0.000000
-3.473205 -3.841669 0.000000
-3.469779 -3.837914 0.000000
