x y z
0.644107 -0.124220 0.000000
0.655619 -0.118861 0.000000
0.668318 -0.110838 0.000000
0.671215 -0.097621 0.000000
0.640233 -0.069277 0.000000
0.639784 -0.055743 0.000000
0.640533 -0.043032 0.000000
0.646630 -0.035051 0.000000
0.654730 -0.025288 0.000000
0.662662 -0.017461 0.000000
0.675037 -0.008880 0.000000
0.704610 -0.006422 0.000000
1.746455 -0.234316 0.000000
1.864918 -0.222436 0.000000
2.171299 -0.240540 0.000000
2.178614 -0.193071 0.000000
2.742313 -0.102927 0.000000
2.654610 0.026089 0.000000
0.621293 0.141476 0.000000
0.562537 0.148980 0.000000
0.554384 0.159038 0.000000
0.547851 0.165558 0.000000
0.540212 0.174901 0.000000
0.531299 0.179646 0.000000
0.514518 0.188412 0.000000
0.513201 0.193061 0.000000
0.511222 0.200934 0.000000
0.510954 0.210164 0.000000
0.511321 0.218207 0.000000
0.514094 0.226375 0.000000
0.587528 0.301721 0.000000
0.593622 0.314103 0.000000
0.587947 0.323193 0.000000
0.586558 0.335793 0.000000
0.586225 0.345597 0.000000
0.584335 0.357956 0.000000
0.582504 0.369693 0.000000
0.583336 0.379838 0.000000
0.586268 0.394886 0.000000
0.587788 0.410941 0.000000
0.594814 0.430470 0.000000
0.603414 0.453171 0.000000
0.613206 0.475652 0.000000
0.606905 0.485762 0.000000
0.599887 0.498351 0.000000
0.609862 0.524975 0.000000
0.583891 0.517769 0.000000
0.571256 0.523307 0.000000
0.564958 0.538741 0.000000
0.551232 0.540123 0.000000
0.538558 0.547877 0.000000
0.534569 0.561857 0.000000
0.536642 0.587439 0.000000
1.703148 2.512286 0.000000
1.744786 2.867044 0.000000
1.764863 3.071684 0.000000
0.253983 0.252700 0.000000
0.254950 0.251975 0.000000
0.252270 0.254844 0.000000
0.245268 0.256552 0.000000
0.242331 0.256689 0.000000
0.168031 0.291729 0.000000
0.163519 0.291417 0.000000
0.158377 0.292353 0.000000
-2.885118 4.923647 0.000000
-2.944651 4.764781 0.000000
-3.091976 4.730711 0.000000
-2.908110 4.255431 0.000000
-2.995434 4.158605 0.000000
0.117257 0.223274 0.000000
0.119821 0.216340 0.000000
0.120135 0.211646 0.000000
0.120417 0.207176 0.000000
0.119523 0.201793 0.000000
0.116844 0.195167 0.000000
0.057943 0.094245 0.000000
-0.493508 0.018471 0.000000
-0.545611 -0.007171 0.000000
-0.515719 -0.020459 0.000000
-0.503269 -0.038378 0.000000
-0.526992 -0.061916 0.000000
-0.512420 -0.078104 0.000000
-0.522840 -0.098885 0.000000
-0.561872 -0.131556 0.000000
-0.581341 -0.159014 0.000000
-0.589932 -0.185007 0.000000
-0.598184 -0.211787 0.000000
-0.612093 -0.239285 0.000000
-0.668091 -0.289123 0.000000
-0.946815 -0.518685 0.000000
-0.888767 -0.523342 0.000000
-0.832263 -0.528154 0.000000
-0.783983 -0.531958 0.000000
-0.731452 -0.534488 0.000000
-0.687519 -0.539018 0.000000
-0.644783 -0.542365 0.000000
-0.605411 -0.546724 0.000000
-0.564315 -0.548110 0.000000
-0.528368 -0.550887 0.000000
-0.491515 -0.551462 0.000000
-0.461191 -0.555509 0.000000
-0.429524 -0.557580 0.000000
-0.397467 -0.558827 0.000000
-0.367241 -0.558288 0.000000
-0.337862 -0.559892 0.000000
-0.311189 -0.562705 0.000000
-0.290311 -0.570130 0.000000
-0.185436 -0.602954 0.000000
-0.165547 -0.610736 0.000000
-0.144073 -0.612556 0.000000
-0.119189 -0.609367 0.000000
-0.098740 -0.614004 0.000000
-0.075572 -0.609191 0.000000
-0.049859 -0.599480 0.000000
-0.026257 -0.594808 0.000000
-0.004940 -0.587757 0.000000
0.012805 -0.591186 0.000000
0.032672 -0.592670 0.000000
0.051783 -0.594726 0.000000
0.069691 -0.596021 0.000000
0.086679 -0.597212 0.000000
0.106128 -0.597662 0.000000
0.122667 -0.601988 0.000000
0.141769 -0.602444 0.000000
0.159474 -0.604034 0.000000
0.178070 -0.604249 0.000000
0.196281 -0.607729 0.000000
0.214263 -0.608997 0.000000
0.232494 -0.610322 0.000000
0.250599 -0.611699 0.000000
0.268215 -0.613413 0.000000
0.287357 -0.614839 0.000000
0.306708 -0.616761 0.000000
0.325288 -0.617540 0.000000
0.343695 -0.620171 0.000000
0.309309 -0.194257 0.000000
0.314066 -0.189871 0.000000
0.326148 -0.195693 0.000000
0.324607 -0.162540 0.000000
0.327517 -0.141031 0.000000
0.334333 -0.136178 0.000000
0.341559 -0.128963 0.000000
0.345792 -0.126171 0.000000
0.350281 -0.120914 0.000000
0.352928 -0.115616 0.000000
0.359946 -0.109208 0.000000
0.366496 -0.103008 0.000000
0.372375 -0.107008 0.000000
0.378678 -0.106521 0.000000
0.389366 -0.109861 0.000000
0.399073 -0.114941 0.000000
0.590991 -0.278573 0.000000
0.592103 -0.256369 0.000000
0.590907 -0.238285 0.000000
0.592763 -0.221302 0.000000
0.596667 -0.205979 0.000000
0.597171 -0.192498 0.000000
0.601029 -0.177305 0.000000
0.604808 -0.164818 0.000000
0.609332 -0.154599 0.000000
0.616024 -0.144762 0.000000
0.622868 -0.136424 0.000000
0.635385 -0.130347 0.000000
