x y z
-2.501323 -3.793121 0.000000
-2.502542 -3.787932 0.000000
-2.504122 -3.782857 0.000000
-2.505147 -3.777497 0.000000
-2.506312 -3.772135 0.000000
-2.504700 -3.770317 0.000000
-2.507757 -3.760700 0.000000
-2.505130 -3.759252 0.000000
-2.505251 -3.751967 0.000000
-2.506201 -3.741826 0.000000
-2.309149 -3.590096 0.000000
-2.310730 -3.577236 0.000000
-2.306379 -3.560617 0.000000
-2.307227 -3.547457 0.000000
-2.313368 -3.536130 0.000000
-2.318148 -3.523413 0.000000
-2.341619 -3.494602 0.000000
-2.350863 -3.484815 0.000000
-2.353520 -3.471629 0.000000
-2.344651 -3.441294 0.000000
-2.328436 -3.402486 0.000000
-2.330713 -3.385062 0.000000
-2.318321 -3.345218 0.000000
-2.324689 -3.328592 0.000000
-2.452490 -3.473964 0.000000
-2.469274 -3.477646 0.000000
-2.481375 -3.476617 0.000000
-2.491170 -3.472877 0.000000
-2.500313 -3.466649 0.000000
-2.507649 -3.458812 0.000000
-2.507116 -3.435847 0.000000
-1.850984 -1.839088 0.000000
-1.869901 -1.746076 0.000000
-1.893761 -1.653826 0.000000
-2.351656 -2.787678 0.000000
-2.393020 -2.820821 0.000000
-2.548344 -3.249576 0.000000
-2.566365 -3.256277 0.000000
-2.578223 -3.243986 0.000000
-2.588960 -3.226115 0.000000
-2.599136 -3.188627 0.000000
-2.612686 -3.164929 0.000000
-2.629667 -3.173687 0.000000
-2.647614 -3.172687 0.000000
-2.667620 -3.219110 0.000000
-2.683563 -3.221850 0.000000
-2.700689 -3.253715 0.000000
-2.716888 -3.240017 0.000000
-2.730818 -3.235641 0.000000
-2.747427 -3.236489 0.000000
-2.763584 -3.210377 0.000000
-2.780680 -3.177870 0.000000
-2.782894 -3.569931 0.000000
-2.971547 -2.637806 0.000000
-3.000255 -2.650752 0.000000
-3.762284 -0.380307 0.000000
-3.087631 -2.768132 0.000000
-3.101550 -2.810044 0.000000
-3.118625 -2.842908 0.000000
-3.138827 -2.863196 0.000000
-3.160248 -2.881726 0.000000
-3.175070 -2.910867 0.000000
-2.830335 -3.675863 0.000000
-2.866500 -3.673600 0.000000
-2.865384 -3.673662 0.000000
-2.870654 -3.676717 0.000000
-2.874464 -3.682010 0.000000
-2.882667 -3.690343 0.000000
-2.890156 -3.692546 0.000000
-2.899357 -3.689148 0.000000
-2.905739 -3.691656 0.000000
-2.915165 -3.694874 0.000000
-2.921823 -3.696659 0.000000
-2.931157 -3.693525 0.000000
-2.943627 -3.693347 0.000000
-3.160452 -3.550338 0.000000
-3.138103 -3.582717 0.000000
-3.128564 -3.604765 0.000000
-3.115547 -3.629028 0.000000
-3.114517 -3.640751 0.000000
-3.117711 -3.653925 0.000000
-3.120660 -3.664624 0.000000
-3.124760 -3.674257 0.000000
-3.131251 -3.685575 0.000000
-3.140282 -3.693479 0.000000
-4.097680 -4.871141 0.000000
-3.984888 -4.841211 0.000000
-3.888483 -4.815659 0.000000
-3.806954 -4.795622 0.000000
-3.741579 -4.783421 0.000000
-3.673387 -4.769337 0.000000
-3.613121 -4.755755 0.000000
-3.557157 -4.742411 0.000000
-3.506754 -4.732056 0.000000
-3.458348 -4.722260 0.000000
-3.414069 -4.712878 0.000000
-3.370716 -4.701852 0.000000
-3.328512 -4.692232 0.000000
-3.295480 -4.687721 0.000000
-3.258613 -4.676651 0.000000
-3.224207 -4.668634 0.000000
-3.193344 -4.662984 0.000000
-3.163040 -4.655753 0.000000
-3.132467 -4.648884 0.000000
-3.104283 -4.641211 0.000000
-3.077699 -4.634112 0.000000
-3.052105 -4.627101 0.000000
-3.027433 -4.621871 0.000000
-3.004088 -4.617436 0.000000
-2.979799 -4.611750 0.000000
-2.958258 -4.609304 0.000000
-2.936588 -4.603501 0.000000
-2.917441 -4.599869 0.000000
-2.896408 -4.595544 0.000000
-2.875681 -4.592181 0.000000
-2.856737 -4.589460 0.000000
-2.837425 -4.584071 0.000000
-2.819014 -4.580365 0.000000
-2.801403 -4.575864 0.000000
-2.783903 -4.572962 0.000000
-2.766194 -4.569413 0.000000
-2.750285 -4.566325 0.000000
-2.731638 -4.560987 0.000000
-2.716706 -4.557863 0.000000
-2.699116 -4.554893 0.000000
-2.681564 -4.549718 0.000000
-2.665317 -4.548170 0.000000
-2.650240 -4.544069 0.000000
-2.633265 -4.539914 0.000000
-2.618794 -4.538671 0.000000
-2.600984 -4.534819 0.000000
-2.586380 -4.532074 0.000000
-2.570534 -4.527207 0.000000
-2.554037 -4.523055 0.000000
-2.538764 -4.520066 0.000000
-2.522353 -4.516899 0.000000
-2.505751 -4.515336 0.000000
-2.490254 -4.510564 0.000000
-2.475925 -4.508463 0.000000
-2.460302 -4.504739 0.000000
-2.443043 -4.501284 0.000000
-2.427816 -4.497438 0.000000
-2.409795 -4.494371 0.000000
-2.392935 -4.489709 0.000000
-2.377229 -4.488588 0.000000
-2.359821 -4.484450 0.000000
-2.343150 -4.482009 0.000000
-2.326087 -4.477447 0.000000
-2.307962 -4.474403 0.000000
-2.289894 -4.470316 0.000000
-2.269154 -4.466250 0.000000
-2.250740 -4.462408 0.000000
-2.231970 -4.459393 0.000000
-2.210883 -4.453945 0.000000
-2.189852 -4.450555 0.000000
-2.168383 -4.446531 0.000000
-2.147579 -4.442905 0.000000
-2.125569 -4.437861 0.000000
-2.102728 -4.433107 0.000000
-2.078182 -4.428409 0.000000
-2.053781 -4.423547 0.000000
-2.029081 -4.418005 0.000000
-2.001124 -4.414051 0.000000
-1.973507 -4.408098 0.000000
-1.944638 -4.402551 0.000000
-1.912856 -4.397175 0.000000
-1.881333 -4.390317 0.000000
-1.846191 -4.384667 0.000000
-1.811547 -4.376299 0.000000
-1.775898 -4.368013 0.000000
-1.734579 -4.361142 0.000000
-1.690945 -4.355657 0.000000
-1.645898 -4.347646 0.000000
-1.600090 -4.337010 0.000000
-1.546891 -4.327710 0.000000
-1.491188 -4.316274 0.000000
-1.434562 -4.303863 0.000000
-1.373115 -4.290559 0.000000
-1.302486 -4.278111 0.000000
-1.227019 -4.261343 0.000000
-1.142400 -4.244683 0.000000
-1.181029 -4.195639 0.000000
-1.066714 -4.179987 0.000000
-1.077100 -4.138156 0.000000
-1.078140 -4.096638 0.000000
-1.882021 -3.951908 0.000000
-2.427307 -3.875776 0.000000
-2.421559 -3.864918 0.000000
-2.427426 -3.860686 0.000000
-2.453195 -3.851737 0.000000
-2.459002 -3.838922 0.000000
-2.460559 -3.838574 0.000000
-2.463675 -3.834315 0.000000
-2.469264 -3.822661 0.000000
-2.477364 -3.824226 0.000000
-2.485651 -3.821296 0.000000
-2.492621 -3.810929 0.000000
-2.495750 -3.806432 0.000000
-2.498771 -3.801857 0.000000
-2.500241 -3.796802 0.000000
