x y z
-3.469907 -3.840022 0.000000
-3.467487 -3.835972 0.000000
-3.465175 -3.831830 0.000000
-3.463428 -3.827396 0.000000
-3.460917 -3.823365 0.000000
-3.462258 -3.818696 0.000000
-3.458787 -3.813498 0.000000
-3.455508 -3.809830 0.000000
-3.452418 -3.806202 0.000000
-3.448815 -3.802912 0.000000
-3.445938 -3.799115 0.000000
-3.443165 -3.795230 0.000000
-3.441435 -3.790433 0.000000
-3.439005 -3.786148 0.000000
-3.437078 -3.781471 0.000000
-3.436396 -3.775365 0.000000
-3.437999 -3.769549 0.000000
-3.433982 -3.763315 0.000000
-3.435231 -3.757362 0.000000
-3.431748 -3.750061 0.000000
-3.428697 -3.745318 0.000000
-3.428353 -3.739026 0.000000
-3.434903 -3.714370 0.000000
-3.429948 -3.703773 0.000000
-3.440469 -3.662980 0.000000
-3.433232 -3.654597 0.000000
-3.433454 -3.649609 0.000000
-3.433220 -3.598877 0.000000
-3.430800 -3.589361 0.000000
-3.425566 -3.575588 0.000000
-3.420731 -3.561711 0.000000
-3.416358 -3.551667 0.000000
-3.410915 -3.540376 0.000000
-3.407174 -3.528222 0.000000
-3.527360 -2.908774 0.000000
-3.512633 -2.860412 0.000000
-3.490570 -2.835145 0.000000
-3.468867 -2.812850 0.000000
-3.368752 -3.260148 0.000000
-3.353791 -3.256508 0.000000
-3.338741 -3.252709 0.000000
-3.322886 -3.240458 0.000000
-3.280240 -3.513970 0.000000
-3.269624 -3.538872 0.000000
-3.258783 -3.547105 0.000000
-3.249941 -3.551952 0.000000
-3.242471 -3.539218 0.000000
-3.113046 -2.760664 0.000000
-3.091554 -2.802700 0.000000
-3.067986 -2.829816 0.000000
-3.041222 -2.831226 0.000000
-3.014758 -2.833462 0.000000
-2.992136 -2.853688 0.000000
-2.962757 -2.847401 0.000000
-2.937611 -2.859058 0.000000
-3.050511 -3.280658 0.000000
-3.037341 -3.297302 0.000000
-3.025535 -3.307912 0.000000
-3.011841 -3.316459 0.000000
-2.996603 -3.323686 0.000000
-2.978857 -3.322555 0.000000
-3.157732 -3.728785 0.000000
-2.946702 -3.329357 0.000000
-2.932289 -3.337940 0.000000
-2.903514 -3.323253 0.000000
-2.861254 -3.288858 0.000000
-3.124525 -3.731415 0.000000
-3.125088 -3.727636 0.000000
-3.118017 -3.739672 0.000000
-3.118360 -3.740036 0.000000
-3.095644 -3.747237 0.000000
-3.091044 -3.746014 0.000000
-3.081371 -3.748475 0.000000
-3.072825 -3.751509 0.000000
-3.066243 -3.754354 0.000000
-3.057435 -3.749442 0.000000
-3.042502 -3.747497 0.000000
-2.590771 -3.447419 0.000000
-2.579152 -3.464566 0.000000
-2.567886 -3.481148 0.000000
-2.554341 -3.495130 0.000000
-2.531054 -3.506953 0.000000
-2.506888 -3.515655 0.000000
-2.497165 -3.534434 0.000000
-2.482591 -3.551813 0.000000
-2.467037 -3.567771 0.000000
-2.446644 -3.582988 0.000000
-2.419259 -3.594120 0.000000
-2.383622 -3.603652 0.000000
-2.330465 -3.609495 0.000000
2.613575 -2.930487 0.000000
-0.315002 -3.505714 0.000000
-0.413413 -3.591971 0.000000
-0.500897 -3.670360 0.000000
-0.565039 -3.741895 0.000000
-0.483161 -3.802519 0.000000
-0.534120 -3.870848 0.000000
0.002301 -3.935617 0.000000
0.060751 -4.015382 0.000000
0.266534 -4.105688 0.000000
2.274394 -4.328864 0.000000
1.939894 -4.432184 0.000000
1.946716 -4.560027 0.000000
1.043016 -4.773299 0.000000
0.671813 -4.800616 0.000000
0.356884 -4.824050 0.000000
0.308572 -4.905341 0.000000
0.302168 -4.995790 0.000000
0.295227 -5.089216 0.000000
0.284355 -5.278578 0.000000
0.229608 -5.354201 0.000000
0.010057 -5.360153 0.000000
-0.525429 -5.210933 0.000000
-0.888337 -5.115778 0.000000
-1.384780 -4.991085 0.000000
-1.547067 -4.955657 0.000000
-1.686310 -4.929406 0.000000
-1.831617 -4.889854 0.000000
-1.841076 -4.932146 0.000000
-1.914538 -4.932501 0.000000
-2.017456 -4.905772 0.000000
-2.102751 -4.887749 0.000000
-2.183294 -4.868733 0.000000
-2.259174 -4.850535 0.000000
-2.320536 -4.840283 0.000000
-2.381355 -4.823956 0.000000
-2.437811 -4.811388 0.000000
-2.491628 -4.797656 0.000000
-2.540168 -4.788895 0.000000
-2.586358 -4.777450 0.000000
-2.629198 -4.766271 0.000000
-2.670866 -4.756184 0.000000
-2.708434 -4.746609 0.000000
-2.744335 -4.739371 0.000000
-2.775838 -4.732694 0.000000
-2.808422 -4.725145 0.000000
-2.839957 -4.716580 0.000000
-2.869922 -4.709058 0.000000
-2.899880 -4.699758 0.000000
-2.923905 -4.694477 0.000000
-2.952868 -4.685975 0.000000
-2.976537 -4.680560 0.000000
-2.999487 -4.675160 0.000000
-3.021834 -4.669577 0.000000
-3.043654 -4.665703 0.000000
-3.067629 -4.660925 0.000000
-3.088355 -4.656195 0.000000
-3.107501 -4.652403 0.000000
-3.126813 -4.647967 0.000000
-3.148027 -4.643213 0.000000
-3.166074 -4.638898 0.000000
-3.183894 -4.635157 0.000000
-3.202916 -4.630399 0.000000
-3.221245 -4.625105 0.000000
-3.238434 -4.622791 0.000000
-3.254949 -4.619035 0.000000
-3.273523 -4.615446 0.000000
-3.289811 -4.611122 0.000000
-3.305351 -4.607432 0.000000
-3.322152 -4.602074 0.000000
-3.339676 -4.599495 0.000000
-3.355148 -4.595654 0.000000
-3.370407 -4.592477 0.000000
-3.386976 -4.588496 0.000000
-3.402479 -4.585279 0.000000
-3.419604 -4.581876 0.000000
-3.434835 -4.578431 0.000000
-3.450216 -4.574834 0.000000
-3.465291 -4.569382 0.000000
-3.482082 -4.567978 0.000000
-3.497687 -4.564171 0.000000
-3.514682 -4.560798 0.000000
-3.530154 -4.556203 0.000000
-3.545411 -4.552903 0.000000
-3.561968 -4.549480 0.000000
-3.579044 -4.544548 0.000000
-3.595177 -4.542928 0.000000
-3.611139 -4.539613 0.000000
-3.629407 -4.534909 0.000000
-3.646191 -4.530235 0.000000
-3.663766 -4.527539 0.000000
-3.680587 -4.523095 0.000000
-3.698695 -4.519735 0.000000
-3.716825 -4.516493 0.000000
-3.735564 -4.510439 0.000000
-3.755946 -4.508871 0.000000
-3.774249 -4.504307 0.000000
-3.795618 -4.498553 0.000000
-3.815662 -4.494679 0.000000
-3.835613 -4.490010 0.000000
-3.858268 -4.484898 0.000000
-3.879295 -4.480447 0.000000
-3.903509 -4.474507 0.000000
-3.928836 -4.470704 0.000000
-3.951061 -4.464854 0.000000
-3.976772 -4.459169 0.000000
-4.003801 -4.454690 0.000000
-4.031979 -4.447840 0.000000
-4.063287 -4.441666 0.000000
-4.093753 -4.436719 0.000000
-4.126398 -4.428784 0.000000
-4.160618 -4.421971 0.000000
-3.614670 -4.068097 0.000000
-3.587598 -4.043779 0.000000
-3.583412 -4.036091 0.000000
-3.578098 -4.023151 0.000000
-3.547864 -4.003260 0.000000
-3.547106 -3.996328 0.000000
-3.533278 -3.982414 0.000000
-3.521152 -3.966858 0.000000
-3.518002 -3.960552 0.000000
-3.515682 -3.954509 0.000000
-3.514440 -3.948818 0.000000
-3.513376 -3.947197 0.000000
-3.512798 -3.940596 0.000000
-3.513379 -3.932229 0.000000
-3.513767 -3.929058 0.000000
-3.514146 -3.923914 0.000000
-3.514664 -3.919924 0.000000
-3.514827 -3.914506 0.000000
-3.514393 -3.909782 0.000000
-3.508445 -3.900215 0.000000
-3.496212 -3.896285 0.000000
-3.490180 -3.892542 0.000000
-3.489862 -3.887207 0.000000
-3.491304 -3.885263 0.000000
-3.490378 -3.879110 0.000000
-3.488352 -3.872395 0.000000
-3.490753 -3.866656 0.000000
-3.486516 -3.862682 0.000000
-3.481714 -3.858981 0.000000
-3.479337 -3.855019 0.000000
-3.477610 -3.853131 0.000000
-3.473406 -3.846994 0.000000
