x y z
-1.765705 -1.468143 0.000000
-1.774749 -1.467802 0.000000
-1.829558 -4.567494 0.000000
-1.917306 -4.550508 0.000000
-2.006232 -4.586096 0.000000
-1.957134 -3.039762 0.000000
-1.965758 -2.669093 0.000000
-1.977165 -2.085726 0.000000
-2.005688 -2.086162 0.000000
-2.032777 -2.087798 0.000000
-2.060589 -2.088323 0.000000
-2.089335 -2.089445 0.000000
-2.116733 -2.091653 0.000000
-2.147334 -2.093126 0.000000
-2.177653 -2.095568 0.000000
-2.207825 -2.096001 0.000000
-1.886383 -1.271307 0.000000
-1.886518 -1.258716 0.000000
-1.884478 -1.247907 0.000000
-1.885607 -1.236701 0.000000
-1.888571 -1.225115 0.000000
-1.890889 -1.215798 0.000000
-1.891738 -1.208352 0.000000
-1.893007 -1.201687 0.000000
-1.894201 -1.195248 0.000000
-1.896164 -1.189966 0.000000
-1.898348 -1.184993 0.000000
-1.899171 -1.181274 0.000000
-1.903697 -1.176374 0.000000
-1.906274 -1.171892 0.000000
-1.909236 -1.167921 0.000000
-1.912690 -1.164339 0.000000
-1.916029 -1.160706 0.000000
-1.919522 -1.157080 0.000000
-1.923979 -1.154038 0.000000
-1.928782 -1.151155 0.000000
-1.932889 -1.151154 0.000000
-1.940504 -1.145992 0.000000
-1.949406 -1.143662 0.000000
-1.954824 -1.144046 0.000000
-2.082618 -1.219579 0.000000
-2.086062 -1.213573 0.000000
-2.083471 -1.200815 0.000000
-2.096800 -1.197658 0.000000
-2.114775 -1.196516 0.000000
-2.380872 -1.293538 0.000000
-2.563659 -1.283442 0.000000
-2.414482 -1.215410 0.000000
-2.327322 -1.175218 0.000000
-2.329697 -1.160805 0.000000
-2.344824 -1.149704 0.000000
-2.366172 -1.137266 0.000000
-2.563659 -1.115530 0.000000
-2.564038 -1.094236 0.000000
-2.565013 -1.075451 0.000000
-2.565843 -1.053997 0.000000
-2.561866 -1.033456 0.000000
-2.564665 -1.014183 0.000000
-2.566017 -0.995052 0.000000
-2.567286 -0.974249 0.000000
-2.566703 -0.952822 0.000000
-2.567898 -0.933770 0.000000
-2.568222 -0.913544 0.000000
-2.569639 -0.890875 0.000000
-2.570801 -0.869821 0.000000
-2.572168 -0.849617 0.000000
-2.004189 -0.953463 0.000000
-1.996078 -0.942179 0.000000
-1.994759 -0.940334 0.000000
-1.988921 -0.933379 0.000000
-1.984641 -0.926837 0.000000
-1.986742 -0.921616 0.000000
-2.021687 -0.885670 0.000000
-2.583721 -0.381312 0.000000
-2.586780 -0.344383 0.000000
-2.588168 -0.308413 0.000000
-2.588062 -0.271360 0.000000
-2.592324 -0.227901 0.000000
-2.589972 -0.189765 0.000000
-2.592808 -0.144739 0.000000
-1.951984 -0.788409 0.000000
-1.946743 -0.786605 0.000000
-1.934326 -0.784099 0.000000
-1.937357 -0.771626 0.000000
-1.926356 -0.774558 0.000000
-1.915286 -0.775910 0.000000
-1.905538 -0.777724 0.000000
-1.891542 -0.781454 0.000000
-1.879140 -0.784715 0.000000
-1.871784 -0.786497 0.000000
-1.859857 -0.787566 0.000000
-1.854031 -0.792215 0.000000
-1.840835 -0.802979 0.000000
-1.829556 -0.806535 0.000000
-1.826924 -0.808851 0.000000
-1.807744 -0.824271 0.000000
-2.279546 3.259491 0.000000
-2.163259 4.532462 0.000000
-2.021437 4.503014 0.000000
-1.883339 4.490693 0.000000
-1.740594 2.667425 0.000000
-1.649509 2.667224 0.000000
-1.555206 2.668120 0.000000
-1.331649 4.531460 0.000000
-1.701436 -0.761449 0.000000
0.021182 0.161452 0.000000
-0.027416 0.066277 0.000000
-0.072442 -0.022564 0.000000
-0.069767 -0.077290 0.000000
-0.026826 -0.107621 0.000000
0.031682 -0.131892 0.000000
0.085524 -0.161254 0.000000
0.151761 -0.187001 0.000000
0.192021 -0.225082 0.000000
1.717658 -0.325021 0.000000
0.406295 -0.662105 0.000000
-0.102133 -0.800237 0.000000
-0.119454 -0.844081 0.000000
-0.141611 -0.887713 0.000000
-0.143246 -0.928130 0.000000
-0.139419 -0.967629 0.000000
-0.123045 -1.007840 0.000000
-0.188431 -1.048529 0.000000
-0.162578 -1.088568 0.000000
0.360018 -1.146905 0.000000
0.363102 -1.198641 0.000000
0.390371 -1.254856 0.000000
0.438360 -1.314083 0.000000
-1.331109 -1.127722 0.000000
-1.344630 -1.134814 0.000000
-1.351161 -1.143914 0.000000
-1.355842 -1.153783 0.000000
-1.363752 -1.161280 0.000000
-1.365327 -1.172012 0.000000
-1.359795 -1.184324 0.000000
-1.351922 -1.199657 0.000000
-1.430963 -1.181600 0.000000
-1.476184 -1.173667 0.000000
-1.483358 -1.180918 0.000000
-1.502672 -1.180546 0.000000
-1.519872 -1.181451 0.000000
-1.532914 -1.182184 0.000000
-1.545528 -1.187660 0.000000
-1.554231 -1.189102 0.000000
-1.559968 -1.187193 0.000000
-1.569992 -1.195505 0.000000
-1.570727 -1.192464 0.000000
-1.577324 -1.198695 0.000000
-1.581430 -1.202866 0.000000
-1.583662 -1.206688 0.000000
-1.588941 -1.213752 0.000000
-1.618320 -1.190602 0.000000
-1.624551 -1.195440 0.000000
-1.640314 -1.183826 0.000000
-1.643240 -1.187401 0.000000
-1.645685 -1.191726 0.000000
-1.647139 -1.197662 0.000000
-1.648686 -1.203826 0.000000
-1.658907 -1.196408 0.000000
-1.661610 -1.200666 0.000000
-1.665294 -1.205053 0.000000
-1.667995 -1.218561 0.000000
-1.676248 -1.212241 0.000000
-1.679343 -1.216628 0.000000
-1.682473 -1.221719 0.000000
-1.656845 -1.345540 0.000000
-1.670956 -1.406142 0.000000
-1.682174 -1.400374 0.000000
-1.689975 -1.407696 0.000000
-1.695420 -1.420002 0.000000
-1.704656 -1.434936 0.000000
-1.712600 -1.446163 0.000000
-1.721559 -1.457770 0.000000
-1.729870 -1.471612 0.000000
-1.738419 -1.478265 0.000000
-1.748366 -1.472011 0.000000
-1.761309 -1.468990 0.000000
