x y z
-5.900938 -10.219340 0.000000
-5.982115 -10.073139 0.000000
-6.008820 -9.836366 0.000000
-6.058710 -9.664293 0.000000
-6.096064 -9.483122 0.000000
-6.158316 -9.352262 0.000000
-6.184911 -9.176536 0.000000
-6.234672 -9.043466 0.000000
-6.277645 -8.905823 0.000000
-6.305161 -8.763087 0.000000
-6.365047 -8.662118 0.000000
-6.435705 -8.260158 0.000000
-6.479464 -8.169552 0.000000
-6.508986 -8.059599 0.000000
-6.548309 -7.960852 0.000000
-6.558998 -7.839458 0.000000
-6.593358 -7.742440 0.000000
-6.629453 -7.649045 0.000000
-6.656992 -7.551024 0.000000
-6.666111 -7.440768 0.000000
-6.705500 -7.358214 0.000000
-6.723012 -7.259900 0.000000
-6.764561 -7.177323 0.000000
-6.788930 -7.086418 0.000000
-6.794515 -6.986628 0.000000
-6.684643 -6.829841 0.000000
-6.849753 -6.815247 0.000000
-6.876412 -6.731262 0.000000
-6.910576 -6.651016 0.000000
-6.933372 -6.565209 0.000000
-6.712141 -6.383378 0.000000
-6.967331 -6.385003 0.000000
-7.002150 -6.304574 0.000000
-7.014581 -6.218297 0.000000
-7.044195 -6.136058 0.000000
-7.066222 -6.051647 0.000000
-7.110904 -5.971809 0.000000
-7.140137 -5.886795 0.000000
-7.264656 -5.819004 0.000000
-7.321853 -5.735843 0.000000
-7.418271 -5.653595 0.000000
-7.207778 -5.539872 0.000000
-7.249100 -5.453345 0.000000
-7.256592 -5.363941 0.000000
-7.307888 -5.274650 0.000000
-7.316244 -5.184609 0.000000
-7.340891 -5.093426 0.000000
-7.334593 -5.002879 0.000000
-7.426047 -4.904648 0.000000
-7.425712 -4.809905 0.000000
-7.446795 -4.711668 0.000000
-7.494695 -4.607319 0.000000
-7.532745 -4.504959 0.000000
-7.551283 -4.399524 0.000000
-7.061921 -4.412198 0.000000
-6.907822 -4.363020 0.000000
-6.871924 -4.284158 0.000000
-6.822432 -4.214183 0.000000
-5.984374 -3.997218 0.000000
-5.892675 -3.971106 0.000000
-5.910018 -3.886246 0.000000
-5.096649 -3.696381 0.000000
-5.047189 -3.672193 0.000000
-4.984790 -3.663993 0.000000
-3.705757 -5.085428 0.000000
-4.894330 -3.613212 0.000000
-4.832252 -3.610821 0.000000
-4.761010 -3.536061 0.000000
-4.713773 -3.516901 0.000000
-4.578498 -3.638457 0.000000
-4.514883 -3.658685 0.000000
-2.182382 -5.812832 0.000000
-2.133656 -5.959801 0.000000
-2.133197 -6.004673 0.000000
-1.703985 -6.278524 0.000000
-0.548851 -9.542704 0.000000
-0.530636 -9.801039 0.000000
-0.693026 -9.794687 0.000000
-0.753133 -10.508559 0.000000
-0.908205 -10.563600 0.000000
-1.042424 -10.622063 0.000000
-1.424040 -10.133245 0.000000
-1.612035 -10.027292 0.000000
-1.658233 -10.251504 0.000000
-1.590715 -10.822328 0.000000
-2.209485 -9.449877 0.000000
-1.866764 -10.914398 0.000000
-2.037725 -10.843375 0.000000
-2.134710 -11.041279 0.000000
-2.279510 -11.058898 0.000000
-3.582163 -6.715469 0.000000
-3.619176 -6.654049 0.000000
-3.654200 -6.623967 0.000000
-3.687548 -6.614834 0.000000
-3.720937 -6.614645 0.000000
-3.753902 -6.609416 0.000000
-3.787687 -6.608052 0.000000
-3.831495 -6.673367 0.000000
-3.855898 -6.606001 0.000000
-3.888294 -6.587848 0.000000
-3.922086 -6.587694 0.000000
-3.958914 -6.593168 0.000000
-4.462469 -7.617542 0.000000
-4.531740 -7.628641 0.000000
-4.582453 -7.589045 0.000000
-4.618263 -7.513100 0.000000
