x y z
-2.548472 -4.149862 0.000000
-2.550625 -4.145964 0.000000
-2.553118 -4.142165 0.000000
-2.555451 -4.138391 0.000000
-2.557626 -4.134629 0.000000
-2.559647 -4.130862 0.000000
-2.561518 -4.127075 0.000000
-2.563474 -4.123346 0.000000
-2.565285 -4.119578 0.000000
-2.566955 -4.115758 0.000000
-2.568942 -4.112087 0.000000
-2.570791 -4.108356 0.000000
-2.572289 -4.104433 0.000000
-2.573887 -4.100537 0.000000
-2.575197 -4.096826 0.000000
-2.576540 -4.092754 0.000000
-2.578228 -4.088795 0.000000
-2.579815 -4.084717 0.000000
-2.581084 -4.080402 0.000000
-2.582506 -4.076050 0.000000
-2.583668 -4.071389 0.000000
-2.584939 -4.066759 0.000000
-2.586199 -4.061919 0.000000
-2.587213 -4.056765 0.000000
-2.587657 -4.052339 0.000000
-2.588281 -4.046423 0.000000
-2.589825 -4.039464 0.000000
-2.589956 -4.032302 0.000000
-2.584740 -4.009023 0.000000
-2.449776 -3.824862 0.000000
-2.456644 -3.819741 0.000000
-2.466143 -3.810552 0.000000
-2.462550 -3.788560 0.000000
-1.563157 -2.307795 0.000000
-1.569838 -2.213043 0.000000
-1.572743 -2.108959 0.000000
-2.193364 -3.145180 0.000000
-2.247876 -3.189618 0.000000
-2.472285 -3.597770 0.000000
-2.491278 -3.600997 0.000000
-2.500381 -3.583018 0.000000
-2.511728 -3.572824 0.000000
-2.510394 -3.521333 0.000000
-2.519461 -3.498358 0.000000
-2.536488 -3.492980 0.000000
-2.575780 -3.564975 0.000000
-2.583270 -3.539655 0.000000
-2.604622 -3.556962 0.000000
-2.617501 -3.547025 0.000000
-2.634858 -3.544596 0.000000
-2.648049 -3.532554 0.000000
-2.660663 -3.515364 0.000000
-2.756307 -3.878815 0.000000
-2.889510 -0.235171 0.000000
-2.980921 -0.323958 0.000000
-3.068806 -0.383741 0.000000
-3.143719 -0.499421 0.000000
-2.913720 -2.945726 0.000000
-2.939017 -2.971907 0.000000
-2.966688 -2.989593 0.000000
-2.993314 -3.004751 0.000000
-3.019375 -3.023077 0.000000
-3.045946 -3.031410 0.000000
-3.070811 -3.047476 0.000000
-2.816509 -3.976932 0.000000
-3.137670 -3.115878 0.000000
-3.216839 -2.985117 0.000000
-2.849969 -3.967104 0.000000
-2.860586 -3.971986 0.000000
-2.863632 -3.976318 0.000000
-2.867946 -3.980121 0.000000
-2.880389 -3.986099 0.000000
-2.887665 -3.979721 0.000000
-2.896886 -3.982361 0.000000
-2.902455 -3.979538 0.000000
-2.911010 -3.982739 0.000000
-2.918672 -3.978571 0.000000
-2.930702 -3.977254 0.000000
-3.124039 -3.797619 0.000000
-3.112557 -3.827973 0.000000
-3.105492 -3.853349 0.000000
-3.092396 -3.881496 0.000000
-3.093448 -3.897088 0.000000
-3.097658 -3.908308 0.000000
-3.101248 -3.921308 0.000000
-3.105710 -3.929509 0.000000
-3.113431 -3.939891 0.000000
-3.120739 -3.944981 0.000000
-3.129555 -3.954937 0.000000
-3.139355 -3.961175 0.000000
-3.150062 -3.966924 0.000000
-3.164794 -3.973987 0.000000
-3.183026 -3.975686 0.000000
-3.215836 -3.973699 0.000000
-5.317798 -3.301127 0.000000
-5.318779 -3.368972 0.000000
-5.338389 -3.431232 0.000000
-5.379278 -3.487187 0.000000
-5.398891 -3.550991 0.000000
-2.855543 -4.185140 0.000000
-2.855790 -4.184958 0.000000
-2.855534 -4.189864 0.000000
-2.855765 -4.190687 0.000000
-2.857998 -4.196368 0.000000
-2.857751 -4.201922 0.000000
-2.856171 -4.202542 0.000000
-2.854127 -4.209659 0.000000
-2.853118 -4.212368 0.000000
-2.853020 -4.211554 0.000000
-2.854183 -4.223049 0.000000
-2.852454 -4.228775 0.000000
-2.852291 -4.227651 0.000000
-2.851061 -4.230571 0.000000
-2.847604 -4.243247 0.000000
-2.847281 -4.245123 0.000000
-2.845084 -4.249001 0.000000
-2.842723 -4.252356 0.000000
-2.842558 -4.251099 0.000000
-3.720028 -4.925947 0.000000
-3.655105 -4.915439 0.000000
-3.605671 -4.913889 0.000000
-3.558877 -4.909983 0.000000
-3.515928 -4.907878 0.000000
-3.474379 -4.903660 0.000000
-3.437208 -4.901596 0.000000
-3.400340 -4.899087 0.000000
-3.365141 -4.897580 0.000000
-3.331794 -4.893947 0.000000
-3.300218 -4.892978 0.000000
-3.269941 -4.891163 0.000000
-3.242438 -4.887822 0.000000
-3.213232 -4.885409 0.000000
-3.185817 -4.882296 0.000000
-3.161044 -4.881319 0.000000
-3.136290 -4.880319 0.000000
-3.114047 -4.879304 0.000000
-3.092575 -4.877653 0.000000
-3.070143 -4.877129 0.000000
-3.048083 -4.876143 0.000000
-3.028473 -4.874352 0.000000
-3.007249 -4.873880 0.000000
-2.988490 -4.872457 0.000000
-2.968332 -4.871909 0.000000
-2.949091 -4.871076 0.000000
-2.930889 -4.870503 0.000000
-2.913708 -4.868957 0.000000
-2.895772 -4.867993 0.000000
-2.876599 -4.868156 0.000000
-2.860829 -4.866882 0.000000
-2.841619 -4.863330 0.000000
-2.825071 -4.863947 0.000000
-2.808562 -4.862650 0.000000
-2.791852 -4.861486 0.000000
-2.775524 -4.861143 0.000000
-2.759105 -4.861165 0.000000
-2.742297 -4.858797 0.000000
-2.726729 -4.859760 0.000000
-2.710241 -4.858842 0.000000
-2.693446 -4.857254 0.000000
-2.678508 -4.855875 0.000000
-2.662383 -4.855555 0.000000
-2.645824 -4.855299 0.000000
-2.629386 -4.854906 0.000000
-2.612641 -4.853552 0.000000
-2.597978 -4.853706 0.000000
-2.581631 -4.851397 0.000000
-2.563765 -4.850367 0.000000
-2.547041 -4.850211 0.000000
-2.532151 -4.850455 0.000000
-2.514816 -4.847782 0.000000
-2.497051 -4.847678 0.000000
-2.480336 -4.847264 0.000000
-2.461993 -4.846089 0.000000
-2.444405 -4.846401 0.000000
-2.426233 -4.845778 0.000000
-2.407120 -4.843155 0.000000
-2.387924 -4.842220 0.000000
-2.368407 -4.844054 0.000000
-2.349477 -4.842647 0.000000
-2.328905 -4.842423 0.000000
-2.307161 -4.840371 0.000000
-2.285293 -4.840664 0.000000
-2.265278 -4.838092 0.000000
-2.241384 -4.837435 0.000000
-2.219093 -4.838381 0.000000
-2.194088 -4.836987 0.000000
-2.168554 -4.835814 0.000000
-2.143157 -4.835134 0.000000
-2.114896 -4.833227 0.000000
-2.087250 -4.830821 0.000000
-2.057725 -4.831145 0.000000
-2.024666 -4.829190 0.000000
-1.992635 -4.828647 0.000000
-1.959895 -4.827296 0.000000
-1.923460 -4.825344 0.000000
-1.885507 -4.825406 0.000000
-1.844617 -4.822268 0.000000
-1.802730 -4.822718 0.000000
-1.753332 -4.821768 0.000000
-1.707748 -4.819536 0.000000
-1.655380 -4.817001 0.000000
-1.599276 -4.816152 0.000000
-1.544111 -4.811493 0.000000
-1.479184 -4.809293 0.000000
-1.408159 -4.804845 0.000000
-1.333517 -4.801358 0.000000
-1.252999 -4.797458 0.000000
-1.334149 -4.721598 0.000000
-1.148557 -4.754702 0.000000
-1.178661 -4.701826 0.000000
-1.152262 -4.667597 0.000000
-1.918800 -4.380128 0.000000
-1.915298 -4.358912 0.000000
-1.910512 -4.340054 0.000000
-1.907110 -4.319079 0.000000
-1.905172 -4.301096 0.000000
-1.903422 -4.281298 0.000000
-1.902358 -4.261010 0.000000
-1.902777 -4.240438 0.000000
-1.903469 -4.220166 0.000000
-1.903655 -4.199751 0.000000
-1.908333 -4.181187 0.000000
-1.909679 -4.162728 0.000000
-1.913808 -4.142232 0.000000
-1.912045 -4.123643 0.000000
