x y z
1.647745 2.118114 0.000000
1.635401 2.117666 0.000000
1.622704 2.117356 0.000000
1.610071 2.116223 0.000000
1.598994 2.116615 0.000000
1.586475 2.116693 0.000000
1.575147 2.116510 0.000000
1.562043 2.117136 0.000000
1.547554 2.115442 0.000000
1.535287 2.115397 0.000000
1.522244 2.115321 0.000000
1.509763 2.115956 0.000000
1.494356 2.114824 0.000000
1.482556 2.114873 0.000000
1.468178 2.115118 0.000000
1.454720 2.115483 0.000000
1.438547 2.115237 0.000000
1.424625 2.116701 0.000000
1.408534 2.116021 0.000000
1.392831 2.115463 0.000000
1.375517 2.114347 0.000000
1.359555 2.115846 0.000000
1.338825 2.117251 0.000000
1.318961 2.119122 0.000000
1.300882 2.121039 0.000000
1.280049 2.119943 0.000000
1.259971 2.121307 0.000000
1.237236 2.122168 0.000000
1.215871 2.119987 0.000000
1.192888 2.119503 0.000000
1.168943 2.120735 0.000000
1.142707 2.118877 0.000000
1.112971 2.119501 0.000000
1.083283 2.121065 0.000000
1.053228 2.119866 0.000000
1.018811 2.122959 0.000000
0.983093 2.123073 0.000000
0.942670 2.124273 0.000000
0.899755 2.127160 0.000000
0.852949 2.128505 0.000000
0.803290 2.129827 0.000000
0.747426 2.132748 0.000000
0.697550 2.128038 0.000000
0.688361 2.102042 0.000000
0.667440 2.079976 0.000000
0.642602 2.061611 0.000000
0.617393 2.040555 0.000000
0.588164 2.021754 0.000000
0.561376 1.998694 0.000000
0.532936 1.976176 0.000000
0.510368 1.953438 0.000000
0.483053 1.927610 0.000000
0.457153 1.902179 0.000000
0.428792 1.877319 0.000000
0.396070 1.849544 0.000000
0.358825 1.823232 0.000000
0.316720 1.794389 0.000000
0.281043 1.763811 0.000000
0.239847 1.732427 0.000000
0.204839 1.698483 0.000000
0.165630 1.662587 0.000000
0.131803 1.625678 0.000000
0.135180 1.586014 0.000000
0.133703 1.548343 0.000000
0.136225 1.509526 0.000000
0.135351 1.471629 0.000000
0.136444 1.433321 0.000000
0.139842 1.394307 0.000000
0.135448 1.354669 0.000000
0.131748 1.313726 0.000000
0.134097 1.273116 0.000000
0.137902 1.233888 0.000000
0.135588 1.191265 0.000000
0.137020 1.150940 0.000000
0.132520 1.107632 0.000000
0.135398 1.065095 0.000000
0.139632 1.023930 0.000000
0.142602 0.979175 0.000000
0.141563 0.934363 0.000000
0.137003 0.885806 0.000000
0.136786 0.837004 0.000000
0.134506 0.786919 0.000000
0.139349 0.740575 0.000000
0.139230 0.688446 0.000000
0.139487 0.634965 0.000000
0.139842 0.581077 0.000000
0.143638 0.527218 0.000000
0.144945 0.469780 0.000000
0.147756 0.411445 0.000000
0.209554 0.399700 0.000000
0.240146 0.362065 0.000000
0.239994 0.300582 0.000000
0.239728 0.230957 0.000000
0.259635 0.182156 0.000000
0.327729 0.178833 0.000000
0.399876 0.185770 0.000000
0.458551 0.180196 0.000000
0.520870 0.180961 0.000000
0.582684 0.182718 0.000000
0.640421 0.183124 0.000000
0.694689 0.184960 0.000000
0.747986 0.183038 0.000000
0.796741 0.179167 0.000000
0.845149 0.180553 0.000000
0.892478 0.178819 0.000000
0.940856 0.181415 0.000000
0.985546 0.180320 0.000000
1.029214 0.180269 0.000000
1.074726 0.184579 0.000000
1.117377 0.183593 0.000000
1.158576 0.184507 0.000000
1.200002 0.185818 0.000000
1.239807 0.184476 0.000000
1.279433 0.184455 0.000000
1.317625 0.181153 0.000000
1.356434 0.187161 0.000000
1.391915 0.184819 0.000000
1.430460 0.187081 0.000000
1.433643 -0.000239 0.000000
1.496804 0.140216 0.000000
1.534150 0.138389 0.000000
1.570412 0.139595 0.000000
1.609137 0.137761 0.000000
1.645751 0.146012 0.000000
1.682128 0.138902 0.000000
1.718661 0.144935 0.000000
1.755702 0.182664 0.000000
1.790681 0.186711 0.000000
1.825104 0.187050 0.000000
1.860965 0.186354 0.000000
1.898767 0.187814 0.000000
1.934375 0.186607 0.000000
1.970549 0.186355 0.000000
2.009287 0.183438 0.000000
2.044505 0.188868 0.000000
2.082332 0.185007 0.000000
2.123473 0.180910 0.000000
2.160962 0.184017 0.000000
2.199164 0.182486 0.000000
2.239447 0.184482 0.000000
2.278802 0.189291 0.000000
2.322113 0.185128 0.000000
2.363592 0.186366 0.000000
2.406363 0.186755 0.000000
2.452879 0.184781 0.000000
2.497386 0.185122 0.000000
2.545996 0.182274 0.000000
2.591407 0.186241 0.000000
2.640635 0.187893 0.000000
2.691269 0.187211 0.000000
2.747214 0.183244 0.000000
2.802545 0.185453 0.000000
2.860685 0.182710 0.000000
2.915350 0.190150 0.000000
2.977196 0.187785 0.000000
3.039010 0.191586 0.000000
3.109757 0.188266 0.000000
3.179018 0.187583 0.000000
3.254240 0.185391 0.000000
3.331596 0.188113 0.000000
3.387930 0.209810 0.000000
3.390058 0.278231 0.000000
3.388458 0.346925 0.000000
3.392548 0.409594 0.000000
3.392099 0.473341 0.000000
3.389479 0.534357 0.000000
3.388813 0.594694 0.000000
2.434411 1.220945 0.000000
2.409078 1.259807 0.000000
2.390153 1.292176 0.000000
2.370190 1.323020 0.000000
2.378304 1.339473 0.000000
2.389100 1.355779 0.000000
2.662434 1.318233 0.000000
2.659671 1.343843 0.000000
2.658528 1.369930 0.000000
2.655716 1.396022 0.000000
2.658986 1.420052 0.000000
2.668290 1.444187 0.000000
3.387345 1.415035 0.000000
3.388785 1.458273 0.000000
3.391757 1.499851 0.000000
3.390508 1.542564 0.000000
3.385661 1.584280 0.000000
3.393541 1.626588 0.000000
3.385380 1.668002 0.000000
3.381227 1.708789 0.000000
3.388460 1.751661 0.000000
3.388508 1.792960 0.000000
3.133110 1.807992 0.000000
3.384059 1.877412 0.000000
3.389734 1.921266 0.000000
3.388068 1.963371 0.000000
3.388806 2.007301 0.000000
3.394207 2.051938 0.000000
3.389864 2.095201 0.000000
3.389124 2.141934 0.000000
3.260055 2.145495 0.000000
3.137856 2.146439 0.000000
3.031391 2.147177 0.000000
2.938850 2.149421 0.000000
2.846862 2.146636 0.000000
2.767552 2.144655 0.000000
2.696859 2.142542 0.000000
2.633876 2.140247 0.000000
2.577250 2.139958 0.000000
2.524228 2.138526 0.000000
2.480352 2.138674 0.000000
2.434998 2.137668 0.000000
2.394072 2.135352 0.000000
2.356893 2.134603 0.000000
2.321596 2.135366 0.000000
2.291495 2.134440 0.000000
2.260556 2.133767 0.000000
2.229275 2.135215 0.000000
2.204059 2.134583 0.000000
2.177464 2.135369 0.000000
2.154105 2.135512 0.000000
2.130610 2.134854 0.000000
2.109203 2.133519 0.000000
2.086650 2.133535 0.000000
2.067490 2.132308 0.000000
2.046430 2.132890 0.000000
2.027280 2.132215 0.000000
2.010426 2.130814 0.000000
1.992816 2.130655 0.000000
1.975830 2.129701 0.000000
1.957318 2.130820 0.000000
1.942096 2.130063 0.000000
1.928194 2.130272 0.000000
1.911233 2.129838 0.000000
1.898071 2.129581 0.000000
1.883210 2.129929 0.000000
1.868140 2.130219 0.000000
1.855741 2.130578 0.000000
1.841639 2.130623 0.000000
1.827542 2.131591 0.000000
1.813844 2.130546 0.000000
1.800567 2.129839 0.000000
1.787023 2.130626 0.000000
1.775827 2.130696 0.000000
1.762613 2.124230 0.000000
1.749674 2.119190 0.000000
1.736408 2.119631 0.000000
1.723784 2.118930 0.000000
1.712038 2.118633 0.000000
1.700588 2.118803 0.000000
1.686875 2.118654 0.000000
1.676929 2.117554 0.000000
1.664978 2.118869 0.000000
