x y z
-3.118667 -3.695200 0.000000
-3.118718 -3.695979 0.000000
-3.121761 -3.696946 0.000000
-3.129147 -3.698730 0.000000
-3.132489 -3.699807 0.000000
-3.135701 -3.700403 0.000000
-3.136144 -3.700565 0.000000
-3.136880 -3.701907 0.000000
-3.144546 -3.704810 0.000000
-3.148112 -3.707872 0.000000
-3.150657 -3.709725 0.000000
-3.153451 -3.711228 0.000000
-3.160496 -3.715424 0.000000
-3.163141 -3.715955 0.000000
-3.164367 -3.715875 0.000000
-3.165983 -3.714858 0.000000
-3.209797 -3.693521 0.000000
-3.212415 -3.696975 0.000000
-3.224494 -3.703245 0.000000
-3.228492 -3.705484 0.000000
-3.235188 -3.705653 0.000000
-3.255819 -3.707924 0.000000
-3.258181 -3.712214 0.000000
-3.262358 -3.715383 0.000000
-3.269228 -3.716955 0.000000
-3.427224 -3.644894 0.000000
-3.638699 -3.544878 0.000000
-3.644643 -3.560847 0.000000
-3.648988 -3.573776 0.000000
-3.659971 -3.584557 0.000000
-3.680092 -3.593503 0.000000
-3.743338 -3.582510 0.000000
-3.754843 -3.596842 0.000000
-3.764371 -3.611313 0.000000
-3.770465 -3.627019 0.000000
-3.798833 -3.635621 0.000000
-3.801955 -3.655036 0.000000
-3.808043 -3.671695 0.000000
-3.817199 -3.686660 0.000000
-3.829022 -3.703115 0.000000
-3.847881 -3.717127 0.000000
-3.403280 -3.806591 0.000000
-3.852081 -3.754879 0.000000
-3.854806 -3.773098 0.000000
-3.845383 -3.792548 0.000000
-3.859952 -3.810195 0.000000
-3.872354 -3.827442 0.000000
-3.856080 -3.846208 0.000000
-3.844368 -3.864229 0.000000
-3.849426 -3.883200 0.000000
-3.865094 -3.902065 0.000000
-7.313882 -4.541416 0.000000
-3.340744 -3.913949 0.000000
-3.310841 -3.944571 0.000000
-3.312314 -3.940713 0.000000
-3.305500 -3.951033 0.000000
-3.304577 -3.953094 0.000000
-3.305534 -3.962983 0.000000
-3.304636 -3.972500 0.000000
-3.301641 -3.982725 0.000000
-3.303739 -3.988666 0.000000
-3.305594 -3.997264 0.000000
-3.303866 -4.002956 0.000000
-3.309202 -4.014455 0.000000
-3.315006 -4.028286 0.000000
-3.770951 -4.451400 0.000000
-3.793707 -4.534444 0.000000
-3.768520 -4.543870 0.000000
-3.754502 -4.562925 0.000000
-3.747830 -4.590447 0.000000
-3.709997 -4.586258 0.000000
-3.534027 -4.408268 0.000000
-3.506933 -4.403152 0.000000
-3.486733 -4.403916 0.000000
-3.473239 -4.414733 0.000000
-3.458765 -4.424485 0.000000
-3.447184 -4.438126 0.000000
-3.440973 -4.460052 0.000000
-3.452878 -4.513571 0.000000
-3.478328 -4.601393 0.000000
-3.459913 -4.613377 0.000000
-3.445237 -4.631862 0.000000
-3.431512 -4.652123 0.000000
-3.418681 -4.678507 0.000000
-3.937167 -6.434018 0.000000
-4.060577 -7.055200 0.000000
-3.933208 -6.903475 0.000000
-3.852301 -6.895402 0.000000
-3.817535 -7.088250 0.000000
-3.756162 -7.186496 0.000000
-3.715287 -7.420401 0.000000
-3.922998 -9.332733 0.000000
-3.757037 -9.097844 0.000000
-3.312564 -8.061272 0.000000
-3.203620 -7.889024 0.000000
-3.105027 -7.905332 0.000000
-3.012389 -7.546048 0.000000
-2.921172 -7.586817 0.000000
-2.832000 -7.566716 0.000000
-2.739773 -7.575530 0.000000
-2.553580 -7.601431 0.000000
-2.387839 -8.053431 0.000000
-2.429902 -7.249030 0.000000
-2.470550 -6.643555 0.000000
-2.557602 -5.974875 0.000000
-2.475217 -5.873541 0.000000
-2.475355 -5.700918 0.000000
-2.475103 -5.553950 0.000000
-2.459025 -5.468843 0.000000
-2.351272 -5.623736 0.000000
-2.417817 -5.347207 0.000000
-2.418139 -5.249792 0.000000
-2.417386 -5.161541 0.000000
-2.416495 -5.087016 0.000000
-2.416462 -5.012803 0.000000
-2.415613 -4.947747 0.000000
-2.417133 -4.886693 0.000000
-2.415491 -4.833106 0.000000
-2.414433 -4.780787 0.000000
-2.417146 -4.726511 0.000000
-2.417264 -4.684107 0.000000
-2.414714 -4.641933 0.000000
-2.416749 -4.600394 0.000000
-2.416143 -4.563697 0.000000
-2.417652 -4.527456 0.000000
-2.418697 -4.490971 0.000000
-2.417499 -4.459516 0.000000
-2.418620 -4.429360 0.000000
-2.419649 -4.398680 0.000000
-2.421498 -4.369279 0.000000
-2.421160 -4.341061 0.000000
-2.421084 -4.315150 0.000000
-2.422081 -4.289416 0.000000
-2.419878 -4.266970 0.000000
-2.419771 -4.244586 0.000000
-2.419698 -4.222337 0.000000
-2.419649 -4.200702 0.000000
-2.420653 -4.177922 0.000000
-2.418348 -4.158574 0.000000
-2.418113 -4.137274 0.000000
-2.418931 -4.117752 0.000000
-2.417836 -4.098379 0.000000
-2.417383 -4.078681 0.000000
-2.418327 -4.061524 0.000000
-2.418806 -4.041789 0.000000
-2.418029 -4.025767 0.000000
-2.417798 -4.006621 0.000000
-2.418154 -3.989921 0.000000
-2.418436 -3.972289 0.000000
-2.417564 -3.955655 0.000000
-2.417996 -3.938348 0.000000
-2.417659 -3.921502 0.000000
-2.417679 -3.904157 0.000000
-2.417850 -3.889121 0.000000
-2.417543 -3.873268 0.000000
-2.416085 -3.856955 0.000000
-2.416011 -3.840026 0.000000
-2.418365 -3.822204 0.000000
-2.417595 -3.807707 0.000000
-2.416508 -3.790752 0.000000
-2.415102 -3.773673 0.000000
-2.416561 -3.757306 0.000000
-2.416024 -3.741986 0.000000
-2.415284 -3.725210 0.000000
-2.416744 -3.709793 0.000000
-2.415374 -3.692431 0.000000
-2.415797 -3.674654 0.000000
-2.414277 -3.657186 0.000000
-2.415912 -3.640105 0.000000
-2.415291 -3.622395 0.000000
-2.414358 -3.605314 0.000000
-2.414482 -3.587065 0.000000
-2.412621 -3.570287 0.000000
-2.413060 -3.550648 0.000000
-2.412194 -3.532033 0.000000
-2.412540 -3.512891 0.000000
-2.412566 -3.492496 0.000000
-2.410897 -3.473073 0.000000
-2.410774 -3.451567 0.000000
-2.410117 -3.430890 0.000000
-2.410605 -3.409570 0.000000
-2.410883 -3.385677 0.000000
-2.409737 -3.361659 0.000000
-2.410371 -3.338072 0.000000
-2.409132 -3.313160 0.000000
-2.408046 -3.285926 0.000000
-2.408001 -3.259381 0.000000
-2.406327 -3.231997 0.000000
-2.406465 -3.201021 0.000000
-2.405772 -3.170291 0.000000
-2.403648 -3.137806 0.000000
-2.402381 -3.103431 0.000000
-2.403973 -3.067502 0.000000
-2.400705 -3.029660 0.000000
-2.400457 -2.990581 0.000000
-2.399817 -2.948708 0.000000
-2.398733 -2.901016 0.000000
-2.397674 -2.852281 0.000000
-2.394214 -2.800800 0.000000
-2.395145 -2.748022 0.000000
-2.897534 -3.459688 0.000000
-2.979345 -3.576909 0.000000
-2.993281 -3.585658 0.000000
-3.009768 -3.611164 0.000000
-3.027445 -3.631209 0.000000
-3.033040 -3.634185 0.000000
-3.041766 -3.646260 0.000000
-3.052516 -3.665462 0.000000
-3.059702 -3.680510 0.000000
-3.063913 -3.683503 0.000000
-3.076726 -3.669933 0.000000
-3.081036 -3.678889 0.000000
-3.084833 -3.684958 0.000000
-3.091938 -3.687371 0.000000
-3.091572 -3.689867 0.000000
-3.094742 -3.692440 0.000000
-3.100180 -3.693743 0.000000
-3.101944 -3.692635 0.000000
-3.104399 -3.692625 0.000000
-3.109319 -3.692488 0.000000
-3.110578 -3.693941 0.000000
-3.118345 -3.694618 0.000000
