x y z
-3.667470 -3.695827 0.000000
-3.668768 -3.686006 0.000000
-3.686794 -3.647085 0.000000
-3.706191 -3.601100 0.000000
-3.710091 -3.586130 0.000000
-3.704294 -3.576457 0.000000
-3.698687 -3.567069 0.000000
-3.693320 -3.556774 0.000000
-3.689650 -3.543082 0.000000
-3.691875 -3.529458 0.000000
-3.692365 -3.512653 0.000000
-3.658410 -3.527170 0.000000
-3.147140 -3.668718 0.000000
-3.144727 -3.667229 0.000000
-3.143709 -3.674257 0.000000
-3.136516 -3.682683 0.000000
-3.118307 -3.686839 0.000000
-3.110760 -3.690489 0.000000
-3.103743 -3.689469 0.000000
-3.097879 -3.689920 0.000000
-3.088849 -3.696540 0.000000
-2.590059 -3.419688 0.000000
-2.582488 -3.439554 0.000000
-2.565918 -3.454563 0.000000
-2.564414 -3.476357 0.000000
-2.542123 -3.487080 0.000000
-2.517530 -3.499140 0.000000
-2.505108 -3.515771 0.000000
-2.494578 -3.533637 0.000000
-2.479313 -3.552065 0.000000
-2.458792 -3.565850 0.000000
-2.434523 -3.580511 0.000000
-2.401632 -3.595320 0.000000
-2.356987 -3.605832 0.000000
2.647210 -3.253346 0.000000
-0.287420 -3.631806 0.000000
-0.380236 -3.709281 0.000000
-0.498674 -3.784268 0.000000
-0.537696 -3.851984 0.000000
-0.522606 -3.919961 0.000000
-0.566289 -3.984320 0.000000
-0.073170 -4.083325 0.000000
-0.004664 -4.166630 0.000000
-0.005062 -4.247125 0.000000
2.198532 -4.629870 0.000000
2.181152 -4.762605 0.000000
1.805713 -4.828672 0.000000
0.833315 -4.856393 0.000000
1.921847 -5.384055 0.000000
0.252300 -4.995410 0.000000
0.202497 -5.073460 0.000000
0.199010 -5.167767 0.000000
0.204144 -5.267086 0.000000
0.139289 -5.339581 0.000000
0.141997 -5.438065 0.000000
0.090720 -5.515954 0.000000
-0.297774 -5.419212 0.000000
-0.664804 -5.312476 0.000000
-0.957579 -5.228730 0.000000
-1.422769 -5.024882 0.000000
-1.484106 -5.049564 0.000000
-1.654430 -4.998296 0.000000
-1.797230 -4.956007 0.000000
-1.933183 -4.912081 0.000000
-1.945383 -4.956759 0.000000
-2.021194 -4.950023 0.000000
-2.116412 -4.921285 0.000000
-2.205115 -4.893145 0.000000
-2.284787 -4.868593 0.000000
-2.356560 -4.845778 0.000000
-2.419614 -4.827622 0.000000
-2.477613 -4.810525 0.000000
-2.532440 -4.794928 0.000000
-2.583620 -4.778565 0.000000
-2.632263 -4.764041 0.000000
-2.678315 -4.748540 0.000000
-2.721117 -4.735388 0.000000
-2.759743 -4.722844 0.000000
-2.798336 -4.712752 0.000000
-2.833528 -4.700128 0.000000
-2.864938 -4.692167 0.000000
-2.895098 -4.683183 0.000000
-2.928114 -4.671630 0.000000
-2.957149 -4.662214 0.000000
-2.985056 -4.652246 0.000000
-3.011376 -4.644288 0.000000
-3.036915 -4.634669 0.000000
-3.059761 -4.625448 0.000000
-3.082441 -4.621751 0.000000
-3.106070 -4.614402 0.000000
-3.126473 -4.608250 0.000000
-3.148404 -4.600735 0.000000
-3.169894 -4.595424 0.000000
-3.189848 -4.590070 0.000000
-3.208770 -4.584593 0.000000
-3.228981 -4.578598 0.000000
-3.247099 -4.573138 0.000000
-3.266472 -4.567356 0.000000
-3.284251 -4.562498 0.000000
-3.301603 -4.555950 0.000000
-3.318418 -4.550984 0.000000
-3.335215 -4.547617 0.000000
-3.350407 -4.541158 0.000000
-3.367648 -4.535474 0.000000
-3.385431 -4.530042 0.000000
-3.400766 -4.526174 0.000000
-3.417277 -4.522029 0.000000
-3.432820 -4.517112 0.000000
-3.447692 -4.513203 0.000000
-3.464034 -4.507601 0.000000
-3.479809 -4.504001 0.000000
-3.494945 -4.499394 0.000000
-3.511889 -4.495174 0.000000
-3.525870 -4.488804 0.000000
-3.542451 -4.484608 0.000000
-3.557749 -4.481498 0.000000
-3.572250 -4.475098 0.000000
-3.589780 -4.471619 0.000000
-3.604736 -4.466076 0.000000
-3.619784 -4.462297 0.000000
-3.636453 -4.456460 0.000000
-3.651601 -4.452657 0.000000
-3.667780 -4.446144 0.000000
-3.684406 -4.444126 0.000000
-3.700890 -4.438833 0.000000
-3.717627 -4.433190 0.000000
-3.734260 -4.428344 0.000000
-3.751806 -4.422971 0.000000
-3.770722 -4.418853 0.000000
-3.788266 -4.413058 0.000000
-3.806406 -4.406541 0.000000
-3.825266 -4.401819 0.000000
-3.844590 -4.395769 0.000000
-3.865563 -4.391342 0.000000
-3.884944 -4.385804 0.000000
-3.905339 -4.379691 0.000000
-3.926981 -4.373403 0.000000
-3.948705 -4.366707 0.000000
-3.971288 -4.360223 0.000000
-3.993955 -4.354143 0.000000
-4.020535 -4.347484 0.000000
-4.043698 -4.339169 0.000000
-4.069885 -4.333169 0.000000
-4.099783 -4.327023 0.000000
-4.129788 -4.318257 0.000000
-4.158510 -4.307568 0.000000
-4.190252 -4.298521 0.000000
-4.222681 -4.289151 0.000000
-4.259226 -4.279781 0.000000
-4.293524 -4.269186 0.000000
-4.334415 -4.260259 0.000000
-3.618107 -3.938368 0.000000
-3.609382 -3.929001 0.000000
-3.601887 -3.916137 0.000000
-3.593393 -3.904908 0.000000
-3.585481 -3.901168 0.000000
-3.582024 -3.892336 0.000000
-3.578191 -3.884392 0.000000
-3.576438 -3.871136 0.000000
-3.573005 -3.867109 0.000000
-3.571668 -3.860242 0.000000
-3.570952 -3.859460 0.000000
-3.571940 -3.849884 0.000000
-3.574442 -3.847556 0.000000
-3.578108 -3.835376 0.000000
-3.581198 -3.832452 0.000000
-3.713343 -3.803293 0.000000
-3.729538 -3.791935 0.000000
-3.740918 -3.759843 0.000000
-3.709636 -3.755237 0.000000
-3.706253 -3.745001 0.000000
-3.709699 -3.735977 0.000000
-3.706993 -3.726209 0.000000
-3.726211 -3.711804 0.000000
-3.720227 -3.702348 0.000000
-3.673091 -3.706553 0.000000
