x y z
2.118394 1.823868 0.000000
2.118156 1.848841 0.000000
2.118908 1.870723 0.000000
2.119159 1.894248 0.000000
2.118812 1.917858 0.000000
2.118739 1.942243 0.000000
2.120752 1.966023 0.000000
2.119780 1.990214 0.000000
2.120153 2.016686 0.000000
2.118175 2.040901 0.000000
2.118947 2.066884 0.000000
2.121151 2.093011 0.000000
2.121597 2.119316 0.000000
2.121675 2.146899 0.000000
2.124033 2.172747 0.000000
2.127732 2.203322 0.000000
2.130682 2.232841 0.000000
2.133568 2.263866 0.000000
2.131507 2.293715 0.000000
2.133119 2.325863 0.000000
2.134883 2.358436 0.000000
2.134854 2.391653 0.000000
2.136158 2.426162 0.000000
2.137566 2.463627 0.000000
2.142429 2.503227 0.000000
2.142399 2.541835 0.000000
2.146048 2.586168 0.000000
2.147539 2.628772 0.000000
2.145980 2.672440 0.000000
2.149938 2.722185 0.000000
2.152201 2.772830 0.000000
2.152429 2.824588 0.000000
2.139175 2.864097 0.000000
2.108625 2.883354 0.000000
2.083304 2.912302 0.000000
2.063174 2.944921 0.000000
2.036845 2.971981 0.000000
2.016359 3.004861 0.000000
1.987785 3.030914 0.000000
1.964567 3.064303 0.000000
1.936412 3.090544 0.000000
1.908689 3.119483 0.000000
1.881216 3.152274 0.000000
1.857939 3.194161 0.000000
1.831531 3.227930 0.000000
1.802641 3.265261 0.000000
1.775101 3.304468 0.000000
1.743148 3.339182 0.000000
1.710657 3.375876 0.000000
1.678104 3.415149 0.000000
1.636906 3.425646 0.000000
1.593720 3.425776 0.000000
1.550263 3.429007 0.000000
1.505332 3.425305 0.000000
1.462934 3.427664 0.000000
1.419580 3.431617 0.000000
1.377578 3.425996 0.000000
1.336027 3.430370 0.000000
1.293317 3.424008 0.000000
1.251077 3.430822 0.000000
1.209858 3.429801 0.000000
1.167785 3.429756 0.000000
1.126183 3.428673 0.000000
1.084699 3.432576 0.000000
1.041291 3.428522 0.000000
0.999456 3.435086 0.000000
0.957121 3.434530 0.000000
0.914695 3.432906 0.000000
0.870809 3.437577 0.000000
0.826929 3.441441 0.000000
0.783227 3.435807 0.000000
0.738566 3.441969 0.000000
0.693122 3.435925 0.000000
0.648131 3.436682 0.000000
0.600986 3.438513 0.000000
0.555083 3.433246 0.000000
0.504339 3.440998 0.000000
0.454513 3.440896 0.000000
0.431500 3.379775 0.000000
0.400347 3.345638 0.000000
0.351289 3.339881 0.000000
0.297367 3.344947 0.000000
0.243790 3.350407 0.000000
0.210731 3.313545 0.000000
0.211579 3.226900 0.000000
0.206863 3.157107 0.000000
0.207678 3.082853 0.000000
0.203192 3.018235 0.000000
0.204115 2.952349 0.000000
0.202132 2.895735 0.000000
0.201991 2.837778 0.000000
0.201942 2.785739 0.000000
0.202858 2.734803 0.000000
0.200917 2.687535 0.000000
0.196899 2.643290 0.000000
0.196803 2.599872 0.000000
0.197239 2.557368 0.000000
0.196950 2.515413 0.000000
0.196095 2.479658 0.000000
0.196107 2.440852 0.000000
0.198223 2.402811 0.000000
0.196337 2.370097 0.000000
0.197683 2.333092 0.000000
0.195495 2.302419 0.000000
0.194968 2.270207 0.000000
0.191241 2.241718 0.000000
0.199954 2.206369 0.000000
0.197627 2.178278 0.000000
0.198340 2.147249 0.000000
0.170977 2.130368 0.000000
0.148873 2.110052 0.000000
0.148647 2.080534 0.000000
0.149647 2.051740 0.000000
0.150557 2.022825 0.000000
0.147744 1.997903 0.000000
0.147563 1.969301 0.000000
0.148276 1.942893 0.000000
0.146219 1.915729 0.000000
0.146925 1.888896 0.000000
0.149094 1.862408 0.000000
0.654701 1.783064 0.000000
0.690547 1.766839 0.000000
0.754613 1.750070 0.000000
0.785570 1.739663 0.000000
0.803366 1.728602 0.000000
0.808766 1.720040 0.000000
0.808799 1.709632 0.000000
0.807038 1.701467 0.000000
0.799151 1.688293 0.000000
0.783842 1.677190 0.000000
0.772399 1.665461 0.000000
0.748676 1.650008 0.000000
0.183571 1.447762 0.000000
0.186649 1.420673 0.000000
0.183612 1.392636 0.000000
0.184043 1.365616 0.000000
0.181715 1.335049 0.000000
0.180283 1.304771 0.000000
0.180773 1.274320 0.000000
0.181131 1.243440 0.000000
0.178661 1.210278 0.000000
0.177189 1.177761 0.000000
0.570229 1.348133 0.000000
0.589997 1.337976 0.000000
0.605934 1.327174 0.000000
0.618859 1.315706 0.000000
0.627618 1.300083 0.000000
0.638519 1.286854 0.000000
0.651750 1.271993 0.000000
0.663033 1.258545 0.000000
0.672140 1.241498 0.000000
0.677931 1.222053 0.000000
0.167721 0.570437 0.000000
0.163664 0.505820 0.000000
0.168174 0.448008 0.000000
0.164368 0.376347 0.000000
0.165340 0.303960 0.000000
0.161772 0.221399 0.000000
0.204540 0.202400 0.000000
0.255508 0.196750 0.000000
0.306944 0.197096 0.000000
0.356563 0.195702 0.000000
0.405089 0.192470 0.000000
0.455582 0.194556 0.000000
0.498349 0.189026 0.000000
0.544902 0.185718 0.000000
0.589329 0.187944 0.000000
0.633646 0.185685 0.000000
0.679048 0.190263 0.000000
0.718841 0.179359 0.000000
0.761488 0.182483 0.000000
0.804389 0.182197 0.000000
0.844291 0.182902 0.000000
0.884740 0.179617 0.000000
0.926478 0.182721 0.000000
0.964839 0.178011 0.000000
1.008904 0.185156 0.000000
1.047141 0.182701 0.000000
1.085835 0.181400 0.000000
1.126120 0.178481 0.000000
1.165239 0.179366 0.000000
1.205147 0.179729 0.000000
1.243109 0.174034 0.000000
1.282642 0.176846 0.000000
1.322017 0.170860 0.000000
1.362257 0.173210 0.000000
1.401138 0.173380 0.000000
1.442422 0.171080 0.000000
1.482210 0.172082 0.000000
1.523442 0.174114 0.000000
1.564734 0.167713 0.000000
1.605984 0.169747 0.000000
1.649461 0.167217 0.000000
1.690539 0.168671 0.000000
1.735213 0.165484 0.000000
1.780696 0.163944 0.000000
1.783900 0.271555 0.000000
1.782721 0.377719 0.000000
1.781296 0.474258 0.000000
2.069606 0.157823 0.000000
2.112645 0.172750 0.000000
2.112345 0.262392 0.000000
2.113884 0.340392 0.000000
2.117752 0.411671 0.000000
2.118990 0.477218 0.000000
2.122689 0.540864 0.000000
2.124954 0.597731 0.000000
2.125693 0.656185 0.000000
2.127291 0.711414 0.000000
2.127454 0.762921 0.000000
2.127227 0.811113 0.000000
2.130100 0.856920 0.000000
2.128716 0.901676 0.000000
2.127438 0.944747 0.000000
2.125972 0.986510 0.000000
2.128333 1.023523 0.000000
2.127644 1.060683 0.000000
2.126645 1.097829 0.000000
2.127874 1.132508 0.000000
2.127201 1.166558 0.000000
2.127502 1.199278 0.000000
2.127700 1.230760 0.000000
2.128677 1.259334 0.000000
2.128243 1.289850 0.000000
2.128221 1.318770 0.000000
2.126539 1.348047 0.000000
2.128543 1.374226 0.000000
2.127916 1.401561 0.000000
2.126986 1.428459 0.000000
2.127771 1.455427 0.000000
2.127090 1.481584 0.000000
2.126415 1.507323 0.000000
2.125711 1.532426 0.000000
2.125053 1.555858 0.000000
2.125957 1.581109 0.000000
2.127588 1.603957 0.000000
2.124159 1.628944 0.000000
2.125787 1.653046 0.000000
2.128682 1.675709 0.000000
2.126081 1.699509 0.000000
2.127392 1.723496 0.000000
2.128080 1.746238 0.000000
2.129961 1.769282 0.000000
2.118753 1.792648 0.000000
