x y z
-3.274959 -3.511381 0.000000
-3.284328 -3.514855 0.000000
-3.298179 -3.504390 0.000000
-3.311082 -3.506153 0.000000
-3.323739 -3.502505 0.000000
-3.345529 -3.485268 0.000000
-3.357139 -3.487827 0.000000
-3.367879 -3.493964 0.000000
-3.378249 -3.501713 0.000000
-3.381035 -3.517092 0.000000
-3.221394 -3.785984 0.000000
-3.225489 -3.787917 0.000000
-3.231961 -3.787423 0.000000
-3.229169 -3.815607 0.000000
-3.240832 -3.821822 0.000000
-3.267598 -3.824077 0.000000
-3.272516 -3.825515 0.000000
-3.928430 -3.582594 0.000000
-3.967212 -3.590058 0.000000
-4.154893 -3.708967 0.000000
-4.111842 -3.743389 0.000000
-4.092393 -3.771239 0.000000
-3.981743 -4.090325 0.000000
-3.951030 -4.107100 0.000000
-3.928308 -4.124431 0.000000
-3.917748 -4.141487 0.000000
-3.936647 -4.189747 0.000000
-3.932926 -4.211934 0.000000
-3.977730 -4.249081 0.000000
-3.322526 -4.045237 0.000000
-3.326194 -4.044278 0.000000
-3.317804 -4.051405 0.000000
-3.314862 -4.054783 0.000000
-3.316626 -4.073367 0.000000
-3.315241 -4.081649 0.000000
-3.316713 -4.090409 0.000000
-3.316400 -4.098377 0.000000
-3.313644 -4.108163 0.000000
-3.321300 -4.117240 0.000000
-5.995368 -7.852689 0.000000
-5.885421 -7.897447 0.000000
-5.854579 -8.061320 0.000000
-5.807865 -8.213361 0.000000
-4.123973 -6.582477 0.000000
-4.036199 -6.544295 0.000000
-3.958179 -6.525535 0.000000
-3.897787 -6.547728 0.000000
-3.994939 -7.128893 0.000000
-3.872750 -6.981515 0.000000
-3.805389 -7.022792 0.000000
-3.764853 -7.203253 0.000000
-3.722578 -7.419877 0.000000
-3.656414 -7.551362 0.000000
-3.825556 -9.460618 0.000000
-3.656983 -9.168871 0.000000
-3.135030 -7.974842 0.000000
-3.036623 -7.978657 0.000000
-2.950660 -7.671338 0.000000
-2.860069 -7.661529 0.000000
-2.766383 -7.688378 0.000000
-2.402216 -7.653315 0.000000
-2.436217 -6.701390 0.000000
-2.521380 -6.092655 0.000000
-2.457181 -5.938008 0.000000
-2.460599 -5.765420 0.000000
-2.461256 -5.627903 0.000000
-2.442171 -5.554674 0.000000
-2.406356 -5.529882 0.000000
-2.408153 -5.422728 0.000000
-2.407892 -5.329741 0.000000
-2.409750 -5.242566 0.000000
-2.409201 -5.166055 0.000000
-2.412191 -5.091641 0.000000
-2.409673 -5.032162 0.000000
-2.412982 -4.968903 0.000000
-2.413419 -4.913307 0.000000
-2.415388 -4.858441 0.000000
-2.414473 -4.813587 0.000000
-2.416263 -4.768091 0.000000
-2.417779 -4.724750 0.000000
-2.419171 -4.684065 0.000000
-2.418684 -4.647222 0.000000
-2.419770 -4.610304 0.000000
-2.419740 -4.576695 0.000000
-2.421310 -4.543546 0.000000
-2.423650 -4.514193 0.000000
-2.425118 -4.483044 0.000000
-2.425207 -4.455234 0.000000
-2.425763 -4.426707 0.000000
-2.427559 -4.400632 0.000000
-2.427970 -4.375640 0.000000
-2.428984 -4.353427 0.000000
-2.427825 -4.330685 0.000000
-2.426739 -4.307544 0.000000
-2.426592 -4.284999 0.000000
-2.427631 -4.264772 0.000000
-2.427546 -4.243556 0.000000
-2.426615 -4.224763 0.000000
-2.427190 -4.203954 0.000000
-2.427462 -4.185849 0.000000
-2.427842 -4.166162 0.000000
-2.428191 -4.147269 0.000000
-2.428987 -4.129169 0.000000
-2.427390 -4.110250 0.000000
-2.428328 -4.093242 0.000000
-2.429040 -4.076912 0.000000
-2.430432 -4.058349 0.000000
-2.428764 -4.041341 0.000000
-2.429310 -4.024443 0.000000
-2.428432 -4.008995 0.000000
-2.429514 -3.992091 0.000000
-2.430228 -3.974799 0.000000
-2.430741 -3.959644 0.000000
-2.430007 -3.941647 0.000000
-2.431015 -3.926755 0.000000
-2.430149 -3.909306 0.000000
-2.430894 -3.893891 0.000000
-2.430607 -3.876751 0.000000
-2.431220 -3.859992 0.000000
-2.430222 -3.843365 0.000000
-2.431237 -3.827818 0.000000
-2.430518 -3.812684 0.000000
-2.431537 -3.794126 0.000000
-2.431045 -3.777788 0.000000
-2.432033 -3.762199 0.000000
-2.429903 -3.745076 0.000000
-2.432104 -3.726909 0.000000
-2.431535 -3.709912 0.000000
-2.431426 -3.691158 0.000000
-2.432502 -3.673348 0.000000
-2.431959 -3.654621 0.000000
-2.432152 -3.637119 0.000000
-2.430829 -3.618381 0.000000
-2.431977 -3.597672 0.000000
-2.426932 -3.575864 0.000000
-2.419024 -3.551750 0.000000
