x y z
-3.015620 -3.703731 0.000000
-3.024720 -3.715398 0.000000
-3.029033 -3.722264 0.000000
-3.033282 -3.726982 0.000000
-3.037613 -3.729305 0.000000
-3.041691 -3.732968 0.000000
-3.045936 -3.734996 0.000000
-3.049153 -3.741264 0.000000
-3.052313 -3.746860 0.000000
-3.056733 -3.752655 0.000000
-3.059525 -3.757629 0.000000
-3.062462 -3.761704 0.000000
-3.064977 -3.766532 0.000000
-3.067469 -3.770922 0.000000
-3.069647 -3.775556 0.000000
-3.072567 -3.777887 0.000000
-3.092146 -3.780936 0.000000
-3.114124 -3.804278 0.000000
-3.117043 -3.804589 0.000000
-3.122010 -3.804849 0.000000
-3.126157 -3.806185 0.000000
-3.130027 -3.808094 0.000000
-3.135632 -3.808342 0.000000
-3.237293 -3.802677 0.000000
-3.243046 -3.808155 0.000000
-3.252389 -3.811771 0.000000
-3.260634 -3.812586 0.000000
-3.270633 -3.816616 0.000000
-3.280553 -3.813846 0.000000
-3.884801 -3.667612 0.000000
-3.908010 -3.682274 0.000000
-3.928356 -3.701906 0.000000
-3.991857 -3.708590 0.000000
-3.412805 -3.867585 0.000000
-7.000840 -3.780769 0.000000
-6.970256 -3.879049 0.000000
-6.850561 -3.972374 0.000000
-6.797356 -4.064621 0.000000
-6.741098 -4.152194 0.000000
-6.871949 -4.255715 0.000000
-4.569215 -4.145166 0.000000
-4.549544 -4.181442 0.000000
-3.321346 -3.999741 0.000000
-3.315992 -4.008650 0.000000
-3.309605 -4.014879 0.000000
-3.308827 -4.019590 0.000000
-3.309250 -4.035810 0.000000
-3.308946 -4.043177 0.000000
-3.309394 -4.052174 0.000000
-3.309695 -4.061025 0.000000
-3.309289 -4.073029 0.000000
-3.315618 -4.084537 0.000000
-5.548620 -5.473010 0.000000
-7.167870 -6.586934 0.000000
-7.146385 -6.717160 0.000000
-7.068073 -6.810167 0.000000
-7.383557 -7.363069 0.000000
-7.228184 -7.409816 0.000000
-7.166763 -7.530509 0.000000
-7.270216 -7.803752 0.000000
-3.580645 -4.521882 0.000000
-3.546262 -4.513108 0.000000
-3.530510 -4.525922 0.000000
-3.517191 -4.539959 0.000000
-3.505070 -4.555018 0.000000
-3.493613 -4.574322 0.000000
-3.475832 -4.581851 0.000000
-3.458568 -4.591811 0.000000
-3.448120 -4.608716 0.000000
-3.434633 -4.625242 0.000000
-3.424185 -4.649253 0.000000
-3.419836 -4.679902 0.000000
-3.421830 -4.725963 0.000000
-3.452138 -4.834525 0.000000
-4.155103 -6.684416 0.000000
-4.137605 -6.838661 0.000000
-4.971881 -9.333066 0.000000
-4.051104 -7.057879 0.000000
-3.928325 -6.933215 0.000000
-3.873154 -7.020348 0.000000
-3.846976 -7.224888 0.000000
-3.795878 -7.369298 0.000000
-3.731806 -7.490938 0.000000
-3.991019 -9.388837 0.000000
-3.804964 -9.067322 0.000000
-3.343771 -8.102966 0.000000
-3.230867 -7.945931 0.000000
-3.134286 -7.954546 0.000000
-3.032167 -7.621869 0.000000
-2.942670 -7.654806 0.000000
-2.852363 -7.619785 0.000000
-2.765576 -7.646114 0.000000
-2.323787 -8.906071 0.000000
-2.495238 -6.610233 0.000000
-2.494381 -6.024005 0.000000
-2.491257 -5.828252 0.000000
-2.487663 -5.665256 0.000000
-2.485673 -5.522648 0.000000
-2.442353 -5.526388 0.000000
-2.430907 -5.436417 0.000000
-2.429314 -5.335226 0.000000
-2.428965 -5.238637 0.000000
-2.426587 -5.158710 0.000000
-2.425331 -5.081356 0.000000
-2.423053 -5.017086 0.000000
-2.426812 -4.950391 0.000000
-2.424477 -4.895796 0.000000
-2.424252 -4.842195 0.000000
-2.423746 -4.792605 0.000000
-2.425462 -4.743983 0.000000
-2.422366 -4.705243 0.000000
-2.423835 -4.663517 0.000000
-2.423196 -4.628954 0.000000
-2.423652 -4.594283 0.000000
-2.423722 -4.560532 0.000000
-2.423057 -4.528374 0.000000
-2.423779 -4.497464 0.000000
-2.424063 -4.470017 0.000000
-2.422538 -4.442818 0.000000
-2.424291 -4.417050 0.000000
-2.425239 -4.391964 0.000000
-2.424981 -4.367813 0.000000
-2.424502 -4.345476 0.000000
-2.424259 -4.323984 0.000000
-2.423037 -4.302924 0.000000
-2.422603 -4.282232 0.000000
-2.422912 -4.263879 0.000000
-2.421980 -4.244611 0.000000
-2.421504 -4.225798 0.000000
-2.421478 -4.208625 0.000000
-2.421480 -4.190655 0.000000
-2.421019 -4.173101 0.000000
-2.421287 -4.156918 0.000000
-2.421621 -4.139921 0.000000
-2.421184 -4.124066 0.000000
-2.419677 -4.106132 0.000000
-2.420032 -4.091042 0.000000
-2.419429 -4.075909 0.000000
-2.419862 -4.060350 0.000000
-2.418536 -4.046725 0.000000
-2.419819 -4.030494 0.000000
-2.419674 -4.015385 0.000000
-2.418610 -4.001838 0.000000
-2.418815 -3.985723 0.000000
-2.418882 -3.971683 0.000000
-2.418500 -3.957249 0.000000
-2.417930 -3.941879 0.000000
-2.418273 -3.927468 0.000000
-2.417702 -3.915343 0.000000
-2.417728 -3.899645 0.000000
-2.417804 -3.886035 0.000000
-2.416822 -3.870683 0.000000
-2.415988 -3.857694 0.000000
-2.417004 -3.842208 0.000000
-2.416966 -3.828001 0.000000
-2.414228 -3.813720 0.000000
-2.415053 -3.797203 0.000000
-2.414268 -3.784113 0.000000
-2.415508 -3.769127 0.000000
-2.413631 -3.751755 0.000000
-2.414723 -3.737246 0.000000
-2.414529 -3.722884 0.000000
-2.414014 -3.705813 0.000000
-2.411944 -3.690429 0.000000
-2.413212 -3.673582 0.000000
-2.412003 -3.656532 0.000000
-2.411574 -3.638638 0.000000
-2.410346 -3.621545 0.000000
-2.409916 -3.602551 0.000000
-2.410247 -3.585601 0.000000
-2.409812 -3.565160 0.000000
-2.410051 -3.545406 0.000000
-2.409425 -3.525431 0.000000
-2.407701 -3.505509 0.000000
-2.408252 -3.482555 0.000000
-2.522971 -3.541164 0.000000
-2.569053 -3.557492 0.000000
-2.587530 -3.554498 0.000000
-2.607583 -3.552545 0.000000
-2.625909 -3.551545 0.000000
-2.642626 -3.551215 0.000000
-2.669870 -3.559883 0.000000
-2.686378 -3.556868 0.000000
-2.699871 -3.552701 0.000000
-2.706000 -3.542402 0.000000
-2.707565 -3.527430 0.000000
-2.711970 -3.513427 0.000000
-2.714866 -3.497773 0.000000
-2.703866 -3.465864 0.000000
-2.703109 -3.437908 0.000000
-2.687560 -3.392468 0.000000
-2.686063 -3.360147 0.000000
-2.692511 -3.343830 0.000000
-2.699652 -3.323508 0.000000
-2.709912 -3.308752 0.000000
-2.715451 -3.281979 0.000000
-2.720691 -3.251386 0.000000
-2.424479 -2.354562 0.000000
-2.903271 -3.518695 0.000000
-2.910357 -3.511183 0.000000
-2.940741 -3.582702 0.000000
-2.963169 -3.636202 0.000000
-2.979543 -3.661596 0.000000
-2.990571 -3.670267 0.000000
-2.993133 -3.677338 0.000000
-3.001143 -3.684636 0.000000
-3.008176 -3.692197 0.000000
-3.016581 -3.702754 0.000000
