x y z
-1.797456 -1.226137 0.000000
-1.801657 -1.223308 0.000000
-1.805904 -1.221118 0.000000
-1.809648 -1.217389 0.000000
-1.814024 -1.216221 0.000000
-1.818516 -1.215422 0.000000
-1.823396 -1.215694 0.000000
-1.828236 -1.215596 0.000000
-1.833151 -1.215616 0.000000
-1.839070 -1.217534 0.000000
-1.860221 -1.230629 0.000000
-1.867529 -1.230484 0.000000
-1.868042 -1.231059 0.000000
-1.878593 -1.228175 0.000000
-1.895664 -1.236266 0.000000
-1.901138 -1.221967 0.000000
-1.900745 -1.212486 0.000000
-1.900654 -1.203869 0.000000
-1.901046 -1.196307 0.000000
-1.901994 -1.189749 0.000000
-1.903847 -1.183176 0.000000
-1.903770 -1.179033 0.000000
-1.906294 -1.173184 0.000000
-1.908610 -1.168800 0.000000
-1.910898 -1.164263 0.000000
-1.913535 -1.160285 0.000000
-1.916263 -1.156405 0.000000
-1.919093 -1.152610 0.000000
-1.922033 -1.148888 0.000000
-1.925274 -1.145406 0.000000
-1.928891 -1.142049 0.000000
-1.932223 -1.138450 0.000000
-1.936353 -1.135232 0.000000
-1.939715 -1.133753 0.000000
-1.944460 -1.131675 0.000000
-1.952672 -1.126740 0.000000
-1.959349 -1.124023 0.000000
-2.333713 -1.299202 0.000000
-2.350148 -1.289148 0.000000
-2.351425 -1.272866 0.000000
-2.463131 -1.261511 0.000000
-2.441397 -1.236699 0.000000
-2.438658 -1.216526 0.000000
-2.432554 -1.197532 0.000000
-2.409348 -1.172722 0.000000
-2.412240 -1.157746 0.000000
-2.415444 -1.141721 0.000000
-2.425842 -1.127330 0.000000
-2.575743 -1.090303 0.000000
-2.576205 -1.070810 0.000000
-2.576210 -1.050438 0.000000
-2.575475 -1.031857 0.000000
-2.575729 -1.010832 0.000000
-2.576045 -0.991527 0.000000
-2.577625 -0.971821 0.000000
-2.579647 -0.951236 0.000000
-2.579170 -0.928966 0.000000
-2.580705 -0.910336 0.000000
-2.578327 -0.887859 0.000000
-2.580102 -0.867408 0.000000
-2.579500 -0.846524 0.000000
-2.581921 -0.825341 0.000000
-2.583424 -0.803558 0.000000
-2.583110 -0.780985 0.000000
-2.012042 -0.926576 0.000000
-2.011689 -0.923457 0.000000
-2.007480 -0.917155 0.000000
-1.999474 -0.908037 0.000000
-2.018966 -0.881166 0.000000
-2.016381 -0.870774 0.000000
-2.019334 -0.863581 0.000000
-2.118678 -0.779054 0.000000
-2.589445 -0.379710 0.000000
-2.590757 -0.345850 0.000000
-2.590894 -0.310783 0.000000
-2.589513 -0.276833 0.000000
-2.593643 -0.234337 0.000000
-2.593552 -0.192480 0.000000
-2.593385 -0.151885 0.000000
-1.960946 -0.777625 0.000000
-1.948813 -0.777186 0.000000
-1.949603 -0.765002 0.000000
-1.936235 -0.768237 0.000000
-1.926195 -0.771163 0.000000
-1.916625 -0.773104 0.000000
-1.902397 -0.776458 0.000000
-1.889925 -0.780830 0.000000
-1.881661 -0.781937 0.000000
-1.871477 -0.784058 0.000000
-1.866385 -0.788186 0.000000
-1.853481 -0.795296 0.000000
-1.843275 -0.803928 0.000000
-1.837642 -0.805795 0.000000
-1.821078 -0.815429 0.000000
-1.809493 -0.835310 0.000000
-2.287290 3.273982 0.000000
-2.176368 3.247047 0.000000
-2.165386 4.494529 0.000000
-1.889184 4.458850 0.000000
-1.747480 2.676967 0.000000
-1.655999 2.649655 0.000000
-1.563744 2.677827 0.000000
-1.468868 2.692548 0.000000
-1.711435 -0.758747 0.000000
-0.010435 0.081145 0.000000
-0.062302 -0.012520 0.000000
-0.084875 -0.082209 0.000000
-0.046831 -0.116840 0.000000
0.008774 -0.142337 0.000000
0.060981 -0.171520 0.000000
0.133120 -0.192429 0.000000
0.172026 -0.232705 0.000000
1.889634 -0.384871 0.000000
-0.046263 -0.789433 0.000000
-0.129201 -0.844674 0.000000
-0.137788 -0.886543 0.000000
-0.147219 -0.927407 0.000000
-0.148848 -0.969081 0.000000
-0.147074 -1.009191 0.000000
-0.137041 -1.048508 0.000000
-0.116474 -1.088628 0.000000
-0.076437 -1.130847 0.000000
0.330235 -1.199083 0.000000
0.364019 -1.254297 0.000000
0.407817 -1.312099 0.000000
0.408389 -1.368337 0.000000
2.901702 -2.073764 0.000000
2.308407 -2.051398 0.000000
2.063567 -2.094382 0.000000
1.710724 -2.091726 0.000000
1.420830 -2.093891 0.000000
1.173800 -2.095598 0.000000
0.952180 -2.094547 0.000000
0.757370 -2.092503 0.000000
0.583992 -2.091649 0.000000
-1.450063 -1.214272 0.000000
-1.466890 -1.216512 0.000000
-1.476880 -1.221377 0.000000
-1.482824 -1.226452 0.000000
-1.533493 -1.210855 0.000000
-1.538801 -1.214577 0.000000
-1.542218 -1.217723 0.000000
-1.548979 -1.220868 0.000000
-1.559881 -1.223168 0.000000
-1.575075 -1.226607 0.000000
-1.582384 -1.225087 0.000000
-1.592263 -1.228964 0.000000
-1.597165 -1.229008 0.000000
-1.609174 -1.232644 0.000000
-1.614075 -1.231441 0.000000
-1.620443 -1.227531 0.000000
-1.632149 -1.227180 0.000000
-1.643303 -1.227209 0.000000
-1.649677 -1.227398 0.000000
-1.655986 -1.227388 0.000000
-1.659006 -1.225666 0.000000
-1.668379 -1.226782 0.000000
-1.674453 -1.226193 0.000000
-1.678274 -1.224419 0.000000
-1.686083 -1.225178 0.000000
-1.691755 -1.224538 0.000000
-1.696862 -1.224885 0.000000
-1.701509 -1.226531 0.000000
-1.705071 -1.226654 0.000000
-1.711366 -1.227517 0.000000
-1.716400 -1.227333 0.000000
-1.721617 -1.226040 0.000000
-1.727296 -1.221912 0.000000
-1.732659 -1.218367 0.000000
-1.737197 -1.218368 0.000000
-1.741588 -1.219245 0.000000
-1.745926 -1.220760 0.000000
-1.750187 -1.223914 0.000000
-1.754661 -1.225717 0.000000
-1.759231 -1.226910 0.000000
-1.763909 -1.226990 0.000000
-1.768502 -1.225205 0.000000
-1.773036 -1.228561 0.000000
-1.777888 -1.209484 0.000000
-1.781980 -1.208614 0.000000
