x y z
-3.218444 -3.391997 0.000000
-3.246275 -3.377998 0.000000
-3.255845 -3.377361 0.000000
-3.271301 -3.373137 0.000000
-3.282681 -3.369916 0.000000
-3.295271 -3.366354 0.000000
-3.308664 -3.368178 0.000000
-3.323525 -3.361247 0.000000
-3.333378 -3.371515 0.000000
-3.342594 -3.377757 0.000000
-3.346545 -3.391322 0.000000
-3.339624 -3.425554 0.000000
-3.346438 -3.438131 0.000000
-3.356295 -3.443454 0.000000
-3.366824 -3.446479 0.000000
-3.383331 -3.438544 0.000000
-3.415278 -3.435228 0.000000
-3.234325 -3.675397 0.000000
-3.234106 -3.681367 0.000000
-3.227446 -3.709021 0.000000
-3.233211 -3.710160 0.000000
-3.237013 -3.712588 0.000000
-3.239710 -3.715796 0.000000
-3.770985 -3.565978 0.000000
-3.840481 -3.621347 0.000000
-3.841752 -3.640824 0.000000
-3.846356 -3.657630 0.000000
-3.814298 -3.788438 0.000000
-3.799055 -3.807770 0.000000
-3.792903 -3.823973 0.000000
-3.796592 -3.840890 0.000000
-3.815615 -3.858723 0.000000
-7.250984 -4.429783 0.000000
-3.319702 -3.905174 0.000000
-3.315555 -3.909194 0.000000
-3.312221 -3.918887 0.000000
-3.306874 -3.923808 0.000000
-3.304017 -3.928607 0.000000
-3.303025 -3.938560 0.000000
-3.304485 -3.950140 0.000000
-3.306309 -3.954460 0.000000
-3.307440 -3.961763 0.000000
-3.304154 -3.973221 0.000000
-3.766143 -4.425840 0.000000
-3.810050 -4.496859 0.000000
-3.640495 -4.393772 0.000000
-3.588550 -4.368849 0.000000
-3.554745 -4.356594 0.000000
-3.525400 -4.347882 0.000000
-3.501723 -4.345616 0.000000
-3.480755 -4.346083 0.000000
-3.464343 -4.352889 0.000000
-3.446689 -4.353721 0.000000
-3.433522 -4.362526 0.000000
-3.423134 -4.374775 0.000000
-3.412342 -4.391407 0.000000
-3.448142 -4.568611 0.000000
-3.434561 -4.587873 0.000000
-3.422991 -4.615524 0.000000
-3.421181 -4.668344 0.000000
-4.152159 -7.099276 0.000000
-4.014306 -6.932481 0.000000
-3.910687 -6.852318 0.000000
-3.861766 -6.983737 0.000000
-3.813867 -7.133987 0.000000
-3.771445 -7.332001 0.000000
-4.021307 -9.269390 0.000000
-3.891414 -9.301521 0.000000
-3.724389 -9.056165 0.000000
-3.389516 -8.040696 0.000000
-3.195774 -8.448012 0.000000
-3.081848 -7.793435 0.000000
-2.990073 -7.558345 0.000000
-2.900451 -7.543608 0.000000
-2.810077 -7.545439 0.000000
-2.624043 -7.580998 0.000000
-2.534518 -7.540059 0.000000
-2.485483 -7.285790 0.000000
-2.486603 -6.822158 0.000000
-2.491761 -6.451902 0.000000
-2.444643 -6.123044 0.000000
-2.492139 -5.754358 0.000000
-2.489167 -5.601182 0.000000
-2.488230 -5.465088 0.000000
-2.448972 -5.443391 0.000000
-2.429463 -5.377795 0.000000
-2.428115 -5.275852 0.000000
-2.425717 -5.186839 0.000000
-2.426239 -5.102606 0.000000
-2.426617 -5.024010 0.000000
-2.426683 -4.955921 0.000000
-2.423222 -4.895802 0.000000
-2.421751 -4.839153 0.000000
-2.424732 -4.781815 0.000000
-2.421966 -4.731746 0.000000
-2.421759 -4.684732 0.000000
-2.422511 -4.641380 0.000000
-2.423259 -4.598811 0.000000
-2.422190 -4.560390 0.000000
-2.421373 -4.522986 0.000000
-2.422933 -4.486243 0.000000
-2.421785 -4.453702 0.000000
-2.422117 -4.423677 0.000000
-2.422276 -4.391175 0.000000
-2.425360 -4.361129 0.000000
-2.423684 -4.334731 0.000000
-2.426615 -4.306053 0.000000
-2.424826 -4.280612 0.000000
-2.424820 -4.257203 0.000000
-2.424137 -4.234202 0.000000
-2.423373 -4.209673 0.000000
-2.423202 -4.187504 0.000000
-2.422735 -4.165878 0.000000
-2.421401 -4.146419 0.000000
-2.420520 -4.125785 0.000000
-2.421685 -4.106660 0.000000
-2.421354 -4.086247 0.000000
-2.422395 -4.065925 0.000000
-2.421656 -4.047348 0.000000
-2.420729 -4.029954 0.000000
-2.420670 -4.011511 0.000000
-2.418417 -3.993795 0.000000
-2.419532 -3.977294 0.000000
-2.420430 -3.958383 0.000000
-2.420697 -3.941414 0.000000
-2.419636 -3.924692 0.000000
-2.419171 -3.909102 0.000000
-2.418809 -3.891724 0.000000
-2.418524 -3.875555 0.000000
-2.417797 -3.858575 0.000000
-2.417047 -3.842374 0.000000
-2.417451 -3.826508 0.000000
-2.417242 -3.811439 0.000000
-2.417124 -3.795271 0.000000
-2.417188 -3.777628 0.000000
-2.416824 -3.762516 0.000000
-2.416370 -3.746420 0.000000
-2.416988 -3.728495 0.000000
-2.416180 -3.711627 0.000000
-2.415599 -3.695967 0.000000
-2.415674 -3.678578 0.000000
-2.414528 -3.663093 0.000000
-2.416352 -3.644991 0.000000
-2.415727 -3.628298 0.000000
-2.414464 -3.610608 0.000000
-2.414494 -3.592609 0.000000
-2.414218 -3.576081 0.000000
-2.413585 -3.557094 0.000000
-2.411325 -3.540083 0.000000
-2.410464 -3.520458 0.000000
-2.413139 -3.501940 0.000000
-2.409563 -3.482493 0.000000
-2.408384 -3.460660 0.000000
-2.393459 -3.434847 0.000000
-3.050244 -3.630797 0.000000
