x y z
1.681605 2.098959 0.000000
1.669367 2.098921 0.000000
1.657479 2.098874 0.000000
1.644960 2.098953 0.000000
1.633692 2.099188 0.000000
1.619962 2.099453 0.000000
1.608428 2.101121 0.000000
1.593452 2.100405 0.000000
1.581636 2.100649 0.000000
1.569739 2.101128 0.000000
1.555531 2.100856 0.000000
1.542860 2.101549 0.000000
1.527570 2.101227 0.000000
1.514889 2.101830 0.000000
1.499606 2.102659 0.000000
1.486509 2.102200 0.000000
1.471540 2.103304 0.000000
1.455465 2.103766 0.000000
1.440601 2.105363 0.000000
1.424206 2.106337 0.000000
1.407062 2.106171 0.000000
1.390132 2.108699 0.000000
1.370156 2.112138 0.000000
1.350662 2.115193 0.000000
1.329036 2.116544 0.000000
1.310113 2.117604 0.000000
1.287917 2.119436 0.000000
1.265206 2.120981 0.000000
1.242411 2.120913 0.000000
1.218062 2.121913 0.000000
1.192661 2.121634 0.000000
1.164739 2.123871 0.000000
1.135364 2.129136 0.000000
1.104401 2.130907 0.000000
1.070035 2.132155 0.000000
1.034395 2.137052 0.000000
0.994762 2.139278 0.000000
0.952432 2.141967 0.000000
0.906309 2.148849 0.000000
0.953865 2.086537 0.000000
0.974800 2.046842 0.000000
0.961686 2.031019 0.000000
1.082746 1.938436 0.000000
1.086290 1.916549 0.000000
1.082567 1.898687 0.000000
1.087572 1.875913 0.000000
1.062839 1.870324 0.000000
1.045816 1.858822 0.000000
1.025881 1.846881 0.000000
1.007455 1.834961 0.000000
0.979204 1.824588 0.000000
0.460802 1.891772 0.000000
0.423849 1.869478 0.000000
0.387812 1.842940 0.000000
0.348003 1.814673 0.000000
0.308886 1.787273 0.000000
0.272776 1.755128 0.000000
0.232582 1.723684 0.000000
0.188734 1.688555 0.000000
0.154546 1.653193 0.000000
0.154940 1.615254 0.000000
0.157522 1.576534 0.000000
0.150303 1.537881 0.000000
0.149375 1.497939 0.000000
0.148724 1.460423 0.000000
0.146497 1.420347 0.000000
0.146411 1.381102 0.000000
0.143930 1.340724 0.000000
0.146010 1.300328 0.000000
0.146500 1.260181 0.000000
0.138826 1.218507 0.000000
0.140934 1.177711 0.000000
0.144356 1.135927 0.000000
0.138346 1.092489 0.000000
0.135953 1.048383 0.000000
0.135415 1.003598 0.000000
0.134393 0.958737 0.000000
0.140955 0.915229 0.000000
0.133846 0.866242 0.000000
0.131073 0.815795 0.000000
0.136275 0.766506 0.000000
0.130146 0.714257 0.000000
0.132022 0.662720 0.000000
0.129511 0.607562 0.000000
0.129808 0.552413 0.000000
0.132788 0.496684 0.000000
0.130262 0.437732 0.000000
0.183437 0.416401 0.000000
0.224183 0.385405 0.000000
0.223445 0.322942 0.000000
0.221545 0.258206 0.000000
0.220877 0.189384 0.000000
0.301836 0.194751 0.000000
0.367367 0.191570 0.000000
0.433290 0.192769 0.000000
0.493381 0.189036 0.000000
0.554667 0.190433 0.000000
0.608429 0.186193 0.000000
0.666329 0.188374 0.000000
0.716620 0.182039 0.000000
0.767116 0.183254 0.000000
0.819035 0.183274 0.000000
0.865187 0.179039 0.000000
0.914033 0.182525 0.000000
0.956951 0.173896 0.000000
1.003337 0.177597 0.000000
1.048373 0.179162 0.000000
1.089269 0.173828 0.000000
1.128709 0.172061 0.000000
1.172486 0.175211 0.000000
1.210938 0.172318 0.000000
1.252940 0.175274 0.000000
1.290014 0.171620 0.000000
1.329214 0.169350 0.000000
1.368024 0.177457 0.000000
1.403781 0.173558 0.000000
1.475665 0.335443 0.000000
1.469314 0.125815 0.000000
1.506444 0.127662 0.000000
1.544604 0.123740 0.000000
1.580999 0.118708 0.000000
1.618168 0.124046 0.000000
1.654552 0.119816 0.000000
1.691496 0.116721 0.000000
1.728972 0.163298 0.000000
1.763192 0.166483 0.000000
1.799670 0.162850 0.000000
1.835610 0.159579 0.000000
1.871890 0.159733 0.000000
1.909155 0.156883 0.000000
1.945547 0.154313 0.000000
1.982432 0.155755 0.000000
2.018848 0.156746 0.000000
2.057470 0.155034 0.000000
2.096765 0.144640 0.000000
2.135299 0.149449 0.000000
2.172048 0.152620 0.000000
2.212717 0.150626 0.000000
2.253262 0.153574 0.000000
2.294937 0.145928 0.000000
2.337810 0.145922 0.000000
2.378931 0.147572 0.000000
2.425327 0.143056 0.000000
2.470119 0.143308 0.000000
2.518346 0.137425 0.000000
2.562117 0.144765 0.000000
2.613158 0.139875 0.000000
2.664789 0.136825 0.000000
2.719095 0.136795 0.000000
2.773936 0.133618 0.000000
2.828996 0.136249 0.000000
2.887389 0.133065 0.000000
2.947919 0.134285 0.000000
3.012114 0.130957 0.000000
3.079662 0.128782 0.000000
3.146691 0.128063 0.000000
3.219856 0.127657 0.000000
3.300826 0.123493 0.000000
3.378888 0.123598 0.000000
3.369911 0.203058 0.000000
3.369988 0.275234 0.000000
3.380063 0.332486 0.000000
3.379591 0.396517 0.000000
3.380717 0.459848 0.000000
3.382197 0.517556 0.000000
3.386046 0.573315 0.000000
3.383906 0.631697 0.000000
3.386585 0.683827 0.000000
3.391989 0.735021 0.000000
3.390948 0.787754 0.000000
3.391480 0.839548 0.000000
3.393889 0.886118 0.000000
3.392334 0.937702 0.000000
3.394850 0.982988 0.000000
3.401998 1.028044 0.000000
3.400081 1.075557 0.000000
3.399094 1.120463 0.000000
3.403695 1.164198 0.000000
3.399599 1.210625 0.000000
3.405695 1.252706 0.000000
3.400503 1.297220 0.000000
3.399260 1.339969 0.000000
3.408088 1.380962 0.000000
3.401951 1.425624 0.000000
3.400508 1.467946 0.000000
3.407157 1.508156 0.000000
3.403415 1.550783 0.000000
3.411342 1.592112 0.000000
3.410752 1.633687 0.000000
3.408893 1.675213 0.000000
3.408672 1.718220 0.000000
3.394653 1.757350 0.000000
3.409692 1.844250 0.000000
3.419849 1.887457 0.000000
3.418563 1.930781 0.000000
3.422482 1.974595 0.000000
3.421044 2.019249 0.000000
3.414334 2.061972 0.000000
3.326037 2.082433 0.000000
3.198686 2.086563 0.000000
3.089241 2.090457 0.000000
2.992756 2.094476 0.000000
2.904163 2.095579 0.000000
2.822031 2.096443 0.000000
2.750265 2.097142 0.000000
2.682416 2.097060 0.000000
2.624554 2.096133 0.000000
2.571498 2.097505 0.000000
2.521102 2.097355 0.000000
2.478233 2.097577 0.000000
2.436517 2.098143 0.000000
2.399715 2.098886 0.000000
2.364214 2.099850 0.000000
2.331129 2.099225 0.000000
2.301855 2.100643 0.000000
2.271229 2.101296 0.000000
2.243132 2.100221 0.000000
2.215972 2.101800 0.000000
2.191648 2.102972 0.000000
2.169633 2.102722 0.000000
2.146000 2.101714 0.000000
2.125651 2.102271 0.000000
2.104442 2.102676 0.000000
2.083085 2.102310 0.000000
2.063883 2.103221 0.000000
2.045833 2.102544 0.000000
2.028424 2.101920 0.000000
2.009858 2.103316 0.000000
1.994815 2.102765 0.000000
1.976869 2.103137 0.000000
1.961407 2.103445 0.000000
1.947970 2.103799 0.000000
1.932890 2.103475 0.000000
1.917460 2.104538 0.000000
1.903261 2.104441 0.000000
1.888492 2.104983 0.000000
1.875831 2.105769 0.000000
1.862282 2.107032 0.000000
1.849005 2.106057 0.000000
1.836928 2.106792 0.000000
1.822152 2.107052 0.000000
1.810487 2.106572 0.000000
1.797063 2.107385 0.000000
1.783339 2.097286 0.000000
1.770324 2.096862 0.000000
1.756814 2.097393 0.000000
1.745118 2.098703 0.000000
1.733857 2.097965 0.000000
1.720128 2.098741 0.000000
1.710653 2.098456 0.000000
1.696731 2.099323 0.000000
1.686492 2.098037 0.000000
