x y z
1.652671 2.112925 0.000000
1.641871 2.114101 0.000000
1.629277 2.112990 0.000000
1.615762 2.112139 0.000000
1.603559 2.112478 0.000000
1.592406 2.112520 0.000000
1.579091 2.112784 0.000000
1.566428 2.112117 0.000000
1.552699 2.111582 0.000000
1.540508 2.112009 0.000000
1.527690 2.111936 0.000000
1.514323 2.112687 0.000000
1.500056 2.111933 0.000000
1.485758 2.111340 0.000000
1.471583 2.111553 0.000000
1.457273 2.111363 0.000000
1.442891 2.111931 0.000000
1.426908 2.111545 0.000000
1.410652 2.112046 0.000000
1.394073 2.112250 0.000000
1.377047 2.111750 0.000000
1.358676 2.112622 0.000000
1.339440 2.116478 0.000000
1.319730 2.117696 0.000000
1.300986 2.118940 0.000000
1.280621 2.117401 0.000000
1.258914 2.118819 0.000000
1.236245 2.118845 0.000000
1.213975 2.116588 0.000000
1.191037 2.116638 0.000000
1.165671 2.115720 0.000000
1.137784 2.116584 0.000000
1.108646 2.116853 0.000000
1.077544 2.119188 0.000000
1.045508 2.118808 0.000000
1.010267 2.120032 0.000000
0.973147 2.122603 0.000000
0.928509 2.123844 0.000000
0.887161 2.125069 0.000000
0.835341 2.128287 0.000000
0.780612 2.131857 0.000000
0.732858 2.126575 0.000000
0.682555 2.123738 0.000000
0.684795 2.089641 0.000000
0.661669 2.070514 0.000000
0.635863 2.050392 0.000000
0.610421 2.029259 0.000000
0.586474 2.008796 0.000000
0.557380 1.985728 0.000000
0.528959 1.963081 0.000000
0.502178 1.938939 0.000000
0.478066 1.914234 0.000000
0.451480 1.887751 0.000000
0.416984 1.862396 0.000000
0.383602 1.836161 0.000000
0.344214 1.806700 0.000000
0.305361 1.778851 0.000000
0.269626 1.746708 0.000000
0.225480 1.714638 0.000000
0.189243 1.678191 0.000000
0.145439 1.641739 0.000000
0.142275 1.604196 0.000000
0.140098 1.564372 0.000000
0.148360 1.525892 0.000000
0.142298 1.487277 0.000000
0.141619 1.449244 0.000000
0.142291 1.409851 0.000000
0.142089 1.370954 0.000000
0.144005 1.332577 0.000000
0.141452 1.290761 0.000000
0.146032 1.251428 0.000000
0.138428 1.208151 0.000000
0.141857 1.167155 0.000000
0.144793 1.126041 0.000000
0.143082 1.083761 0.000000
0.138687 1.039198 0.000000
0.143017 0.995624 0.000000
0.145248 0.951987 0.000000
0.145277 0.906521 0.000000
0.142532 0.857608 0.000000
0.147248 0.811247 0.000000
0.144819 0.758828 0.000000
0.140685 0.706084 0.000000
0.148241 0.658275 0.000000
0.145850 0.601624 0.000000
0.142422 0.545393 0.000000
0.148105 0.491138 0.000000
0.144349 0.427261 0.000000
0.187872 0.400240 0.000000
0.242448 0.383682 0.000000
0.243139 0.320414 0.000000
0.242236 0.254325 0.000000
0.248512 0.192173 0.000000
0.306338 0.178113 0.000000
0.381990 0.184079 0.000000
0.441954 0.178002 0.000000
0.508414 0.184086 0.000000
0.565448 0.178741 0.000000
0.624517 0.181245 0.000000
0.676367 0.176808 0.000000
0.730188 0.179340 0.000000
0.784418 0.180206 0.000000
0.832599 0.179399 0.000000
0.881971 0.179382 0.000000
0.928206 0.178045 0.000000
0.974275 0.177678 0.000000
1.019901 0.179789 0.000000
1.063516 0.177884 0.000000
1.107314 0.182985 0.000000
1.147956 0.179332 0.000000
1.188965 0.177132 0.000000
1.229083 0.179444 0.000000
1.268999 0.183559 0.000000
1.308850 0.179554 0.000000
1.346539 0.178445 0.000000
1.384454 0.183852 0.000000
1.421077 0.181990 0.000000
1.457478 0.178028 0.000000
1.486254 0.137194 0.000000
1.526408 0.140837 0.000000
1.562379 0.139648 0.000000
1.599599 0.134720 0.000000
1.636065 0.137277 0.000000
1.672270 0.137722 0.000000
1.710445 0.136049 0.000000
1.747403 0.182088 0.000000
1.781851 0.179687 0.000000
1.818232 0.185768 0.000000
1.852931 0.183319 0.000000
1.888565 0.182055 0.000000
1.926410 0.184008 0.000000
1.962117 0.176164 0.000000
2.000199 0.178256 0.000000
2.037324 0.180349 0.000000
2.074499 0.181843 0.000000
2.110775 0.189460 0.000000
2.152102 0.176834 0.000000
2.190077 0.180584 0.000000
2.230850 0.177804 0.000000
2.269445 0.180516 0.000000
2.312374 0.177592 0.000000
2.355992 0.175462 0.000000
2.396962 0.178113 0.000000
2.443311 0.174694 0.000000
2.485428 0.182595 0.000000
2.536613 0.174102 0.000000
2.578971 0.181560 0.000000
2.629897 0.176933 0.000000
2.681216 0.176125 0.000000
2.736868 0.175036 0.000000
2.782421 0.183727 0.000000
2.840121 0.184106 0.000000
2.901597 0.180322 0.000000
2.963299 0.177832 0.000000
3.028710 0.175074 0.000000
3.094733 0.176498 0.000000
3.160963 0.177681 0.000000
3.235427 0.176428 0.000000
3.313005 0.175195 0.000000
3.395686 0.173308 0.000000
3.393279 0.249005 0.000000
2.004219 1.421718 0.000000
2.006767 1.433173 0.000000
1.996246 1.453629 0.000000
2.011303 1.451616 0.000000
2.012604 1.460586 0.000000
2.022767 1.465376 0.000000
2.019046 1.478158 0.000000
2.034580 1.477154 0.000000
2.043736 1.482391 0.000000
2.054680 1.487232 0.000000
2.071955 1.488872 0.000000
2.098159 1.489216 0.000000
2.119098 1.490986 0.000000
3.401682 1.212242 0.000000
3.399675 1.257937 0.000000
3.400512 1.300569 0.000000
3.399033 1.344655 0.000000
3.396217 1.387079 0.000000
3.404532 1.430117 0.000000
3.403820 1.471805 0.000000
3.399842 1.513493 0.000000
3.401435 1.556929 0.000000
3.394127 1.598193 0.000000
3.395561 1.640054 0.000000
3.400218 1.681647 0.000000
3.398107 1.723149 0.000000
3.398043 1.763903 0.000000
3.396999 1.807039 0.000000
3.397921 1.933752 0.000000
3.401091 1.978906 0.000000
3.397289 2.021606 0.000000
3.399545 2.065693 0.000000
3.396562 2.108953 0.000000
3.327346 2.134424 0.000000
3.197512 2.136452 0.000000
3.089171 2.138856 0.000000
2.985115 2.139087 0.000000
2.896264 2.139178 0.000000
2.815508 2.139137 0.000000
2.741663 2.138235 0.000000
2.671817 2.134830 0.000000
2.614579 2.135419 0.000000
2.560072 2.134295 0.000000
2.511811 2.132680 0.000000
2.464865 2.130672 0.000000
2.423070 2.129769 0.000000
2.384099 2.129893 0.000000
2.347556 2.129523 0.000000
2.316991 2.131565 0.000000
2.285222 2.128808 0.000000
2.255070 2.130264 0.000000
2.228662 2.129845 0.000000
2.201035 2.130691 0.000000
2.176966 2.129141 0.000000
2.152847 2.128774 0.000000
2.129694 2.129917 0.000000
2.107353 2.129433 0.000000
2.087440 2.127795 0.000000
2.066770 2.127498 0.000000
2.048319 2.126966 0.000000
2.028336 2.127275 0.000000
2.011171 2.126485 0.000000
1.992598 2.126099 0.000000
1.976427 2.126478 0.000000
1.960691 2.126226 0.000000
1.945210 2.126023 0.000000
1.930678 2.125289 0.000000
1.915379 2.125354 0.000000
1.900318 2.125197 0.000000
1.886201 2.125111 0.000000
1.871413 2.125423 0.000000
1.857704 2.126057 0.000000
1.844609 2.126690 0.000000
1.831999 2.126363 0.000000
1.817408 2.126691 0.000000
1.806526 2.125639 0.000000
1.792829 2.125363 0.000000
1.778712 2.126048 0.000000
1.764000 2.116089 0.000000
1.753860 2.115890 0.000000
1.740600 2.114450 0.000000
1.727131 2.114667 0.000000
1.717533 2.114451 0.000000
1.703038 2.113523 0.000000
1.694002 2.113600 0.000000
1.681468 2.114083 0.000000
1.669266 2.113018 0.000000
