x y z
0.630185 -0.505026 0.000000
0.645107 -0.506448 0.000000
0.659807 -0.508361 0.000000
0.636688 -0.455925 0.000000
0.641148 -0.442459 0.000000
0.650132 -0.436617 0.000000
0.657431 -0.429270 0.000000
0.668542 -0.424460 0.000000
0.680435 -0.421703 0.000000
0.693873 -0.421384 0.000000
0.713121 -0.425141 0.000000
1.582917 -1.085789 0.000000
1.560277 -1.020390 0.000000
1.795401 -1.144698 0.000000
1.990779 -1.229304 0.000000
2.013011 -1.185183 0.000000
2.465148 -1.411372 0.000000
2.464993 -1.340258 0.000000
0.769059 -0.321988 0.000000
0.497100 -0.169611 0.000000
0.501410 -0.167038 0.000000
0.748155 -0.273306 0.000000
0.489077 -0.152050 0.000000
0.486933 -0.148056 0.000000
0.487390 -0.144644 0.000000
0.488735 -0.141470 0.000000
0.490264 -0.138207 0.000000
0.490094 -0.131252 0.000000
0.489787 -0.125203 0.000000
0.489578 -0.124363 0.000000
0.488691 -0.120956 0.000000
0.488721 -0.117594 0.000000
0.489417 -0.114174 0.000000
0.492607 -0.102418 0.000000
0.492590 -0.100160 0.000000
0.492288 -0.093177 0.000000
0.494497 -0.092746 0.000000
0.827670 0.006597 0.000000
0.829276 0.017794 0.000000
0.842902 0.035089 0.000000
0.854530 0.052668 0.000000
0.861896 0.066417 0.000000
0.881858 0.089315 0.000000
0.890376 0.105627 0.000000
0.933000 0.140039 0.000000
0.946087 0.160736 0.000000
2.326994 0.863595 0.000000
2.375195 0.950962 0.000000
2.423773 1.039577 0.000000
0.640782 0.077066 0.000000
0.643633 0.090919 0.000000
2.616156 1.372993 0.000000
2.711377 1.519145 0.000000
0.429167 -0.013017 0.000000
0.428794 -0.012743 0.000000
0.423606 -0.006746 0.000000
0.422735 -0.005893 0.000000
0.421836 -0.005623 0.000000
0.533104 0.338486 0.000000
0.364495 0.057233 0.000000
0.360286 0.059491 0.000000
-0.600240 5.558681 0.000000
-0.721925 5.443768 0.000000
-0.780730 5.041634 0.000000
-0.897721 4.974411 0.000000
0.291711 0.012847 0.000000
0.290821 0.006618 0.000000
0.286039 0.001035 0.000000
0.283865 -0.003374 0.000000
0.282881 -0.006892 0.000000
0.187837 -0.075776 0.000000
-0.420053 0.091621 0.000000
-0.414386 0.069578 0.000000
-0.422469 0.051311 0.000000
-0.404095 0.027739 0.000000
-0.431321 0.014904 0.000000
-0.448109 -0.001694 0.000000
-0.472814 -0.018696 0.000000
-0.486560 -0.039009 0.000000
-0.510809 -0.056144 0.000000
-0.528345 -0.077525 0.000000
-0.561546 -0.097441 0.000000
-1.078640 -0.175134 0.000000
-1.019853 -0.207671 0.000000
-0.965006 -0.238774 0.000000
-0.913184 -0.265756 0.000000
-0.868784 -0.291368 0.000000
-0.820797 -0.315336 0.000000
-0.782782 -0.339945 0.000000
-0.741666 -0.359593 0.000000
-0.700902 -0.379056 0.000000
-0.670486 -0.399513 0.000000
-0.636624 -0.416763 0.000000
-0.604582 -0.434336 0.000000
-0.572308 -0.450456 0.000000
-0.544671 -0.464463 0.000000
-0.514528 -0.479152 0.000000
-0.489320 -0.493404 0.000000
-0.461706 -0.506108 0.000000
-0.438233 -0.519811 0.000000
-0.412179 -0.531269 0.000000
0.058580 -0.303264 0.000000
-0.319460 -0.621892 0.000000
-0.301958 -0.635183 0.000000
-0.284072 -0.645740 0.000000
-0.257249 -0.651007 0.000000
-0.241147 -0.664076 0.000000
-0.213315 -0.665868 0.000000
-0.187990 -0.667944 0.000000
-0.129320 -0.688568 0.000000
-0.112833 -0.695989 0.000000
-0.095407 -0.705809 0.000000
-0.080848 -0.716605 0.000000
-0.064662 -0.724340 0.000000
-0.049708 -0.732253 0.000000
-0.032811 -0.742971 0.000000
-0.018582 -0.750348 0.000000
-0.001378 -0.760114 0.000000
0.014476 -0.767736 0.000000
0.029295 -0.776052 0.000000
0.043791 -0.787089 0.000000
0.286856 -0.394289 0.000000
0.293704 -0.398616 0.000000
0.303562 -0.398446 0.000000
0.308513 -0.407849 0.000000
0.314776 -0.415768 0.000000
0.332815 -0.485065 0.000000
0.341801 -0.497923 0.000000
0.345272 -0.819022 0.000000
0.402218 -0.985333 0.000000
0.424143 -0.997576 0.000000
0.447413 -1.009179 0.000000
0.470151 -1.022834 0.000000
0.494553 -1.037272 0.000000
0.462785 -0.684262 0.000000
0.476444 -0.671165 0.000000
0.487409 -0.656468 0.000000
0.499357 -0.645790 0.000000
0.509203 -0.628041 0.000000
0.516497 -0.608619 0.000000
0.523918 -0.587465 0.000000
0.530816 -0.573344 0.000000
0.538598 -0.558552 0.000000
0.546721 -0.544317 0.000000
0.553804 -0.534901 0.000000
0.562933 -0.526977 0.000000
0.574324 -0.520605 0.000000
0.584391 -0.519212 0.000000
0.595984 -0.513436 0.000000
0.606096 -0.509693 0.000000
0.619765 -0.508682 0.000000
