x y z
2.124353 1.523565 0.000000
2.124704 1.540219 0.000000
2.123813 1.558940 0.000000
2.125106 1.575648 0.000000
2.124937 1.592644 0.000000
2.123983 1.611224 0.000000
2.124704 1.630444 0.000000
2.125036 1.647579 0.000000
2.124695 1.666422 0.000000
2.126404 1.685631 0.000000
2.127011 1.706576 0.000000
2.128470 1.725426 0.000000
2.127600 1.746180 0.000000
2.128822 1.766010 0.000000
2.127871 1.785966 0.000000
2.119740 1.803076 0.000000
2.120269 1.825276 0.000000
2.119145 1.847398 0.000000
2.119958 1.869755 0.000000
2.120492 1.894506 0.000000
2.120095 1.917519 0.000000
2.119458 1.943098 0.000000
2.120619 1.969176 0.000000
2.121255 1.996770 0.000000
2.121207 2.025561 0.000000
2.122522 2.055775 0.000000
2.124439 2.088632 0.000000
2.124085 2.120532 0.000000
2.126370 2.154329 0.000000
2.127440 2.193043 0.000000
2.133393 2.235597 0.000000
2.131288 2.276734 0.000000
2.135769 2.321277 0.000000
2.134707 2.366569 0.000000
2.136361 2.415834 0.000000
2.138059 2.469770 0.000000
2.142014 2.528581 0.000000
2.142969 2.590566 0.000000
2.145527 2.661179 0.000000
2.149315 2.736202 0.000000
2.157210 2.824894 0.000000
2.146022 2.888730 0.000000
2.103184 2.893772 0.000000
2.077415 2.931958 0.000000
2.048449 2.966663 0.000000
2.018006 3.001695 0.000000
1.987936 3.041099 0.000000
1.955702 3.075148 0.000000
1.921069 3.113311 0.000000
1.888643 3.155684 0.000000
1.853319 3.194894 0.000000
1.819043 3.245847 0.000000
1.782740 3.294579 0.000000
1.743929 3.340370 0.000000
1.702056 3.393319 0.000000
1.657901 3.427950 0.000000
1.609050 3.438764 0.000000
1.558576 3.429664 0.000000
1.509163 3.431537 0.000000
1.460470 3.443923 0.000000
1.410841 3.435357 0.000000
1.361363 3.434312 0.000000
1.312426 3.432820 0.000000
1.261986 3.442040 0.000000
1.210867 3.441158 0.000000
1.161162 3.432103 0.000000
1.109278 3.444454 0.000000
1.058304 3.443298 0.000000
1.006206 3.440123 0.000000
0.955516 3.439024 0.000000
0.901027 3.443702 0.000000
0.848275 3.445208 0.000000
0.792260 3.452540 0.000000
0.738971 3.446543 0.000000
0.682866 3.444789 0.000000
0.624352 3.449800 0.000000
0.570228 3.442798 0.000000
0.508874 3.442639 0.000000
0.447942 3.445566 0.000000
0.424286 3.369783 0.000000
0.376135 3.345372 0.000000
0.308296 3.358001 0.000000
0.244787 3.353645 0.000000
0.206377 3.312639 0.000000
0.199703 3.221447 0.000000
0.201953 3.128074 0.000000
0.199281 3.043716 0.000000
0.196320 2.967593 0.000000
0.198248 2.887712 0.000000
0.198348 2.816152 0.000000
0.200015 2.745411 0.000000
0.196884 2.684700 0.000000
0.195571 2.626383 0.000000
0.197410 2.564727 0.000000
0.195100 2.511376 0.000000
0.192062 2.461353 0.000000
0.191514 2.409604 0.000000
0.190081 2.361570 0.000000
0.194146 2.311348 0.000000
0.190410 2.269262 0.000000
0.193255 2.222296 0.000000
0.192904 2.180710 0.000000
0.189351 2.140786 0.000000
0.142955 2.126393 0.000000
0.143251 2.084494 0.000000
0.139388 2.047340 0.000000
0.140605 2.007769 0.000000
0.138881 1.971151 0.000000
0.140536 1.931877 0.000000
0.136897 1.897297 0.000000
0.183447 1.843779 0.000000
0.185246 1.809020 0.000000
0.183477 1.778007 0.000000
0.182060 1.745416 0.000000
0.183052 1.711911 0.000000
0.181693 1.680330 0.000000
0.185783 1.646330 0.000000
0.189093 1.615006 0.000000
0.182547 1.585539 0.000000
0.186386 1.551898 0.000000
0.180345 1.522310 0.000000
0.179451 1.490950 0.000000
0.183845 1.459530 0.000000
0.182517 1.429314 0.000000
0.179174 1.398951 0.000000
0.178151 1.367142 0.000000
0.179319 1.336744 0.000000
0.180667 1.304576 0.000000
0.177256 1.272694 0.000000
0.175679 1.242123 0.000000
0.174620 1.208512 0.000000
0.173570 1.177740 0.000000
0.173519 1.145765 0.000000
0.177393 1.112622 0.000000
0.175592 1.080544 0.000000
0.171573 1.045367 0.000000
0.170427 1.008885 0.000000
0.171171 0.976292 0.000000
0.170921 0.939998 0.000000
0.171875 0.904283 0.000000
0.168759 0.865584 0.000000
0.171012 0.828033 0.000000
0.168370 0.789304 0.000000
0.166558 0.748597 0.000000
0.164083 0.707225 0.000000
0.172028 0.668593 0.000000
0.171633 0.626156 0.000000
0.170668 0.578948 0.000000
0.170275 0.533025 0.000000
0.164303 0.483922 0.000000
0.164249 0.431872 0.000000
0.165079 0.381913 0.000000
0.164850 0.329622 0.000000
0.166662 0.273144 0.000000
0.173509 0.221613 0.000000
0.216937 0.204583 0.000000
0.278323 0.205422 0.000000
0.330711 0.202091 0.000000
0.384039 0.200958 0.000000
0.434091 0.197724 0.000000
0.479996 0.194262 0.000000
0.528737 0.191780 0.000000
0.575301 0.191497 0.000000
0.620014 0.191500 0.000000
0.662729 0.192078 0.000000
0.704735 0.192073 0.000000
0.747147 0.191750 0.000000
0.785439 0.189867 0.000000
0.823583 0.185965 0.000000
0.862836 0.188894 0.000000
0.898555 0.185846 0.000000
0.934097 0.184858 0.000000
0.970994 0.183992 0.000000
1.005921 0.187125 0.000000
1.039824 0.181968 0.000000
1.074369 0.185329 0.000000
1.105255 0.181163 0.000000
1.139437 0.182638 0.000000
1.170864 0.179919 0.000000
1.205841 0.184201 0.000000
1.237968 0.182479 0.000000
1.267664 0.179355 0.000000
1.300421 0.182654 0.000000
1.331995 0.179346 0.000000
1.363120 0.179861 0.000000
1.393993 0.174895 0.000000
1.433762 0.553700 0.000000
1.455973 0.563372 0.000000
1.477432 0.557052 0.000000
1.502500 0.534973 0.000000
1.527575 0.483072 0.000000
1.556874 0.438404 0.000000
1.680542 0.174318 0.000000
1.712492 0.171878 0.000000
1.607874 0.774984 0.000000
1.618779 0.795206 0.000000
1.635898 0.803134 0.000000
1.651993 0.807008 0.000000
1.667544 0.806830 0.000000
1.685923 0.806780 0.000000
1.708314 0.795033 0.000000
1.731100 0.788820 0.000000
1.754839 0.777448 0.000000
1.780790 0.763405 0.000000
2.118672 0.291307 0.000000
2.120255 0.352230 0.000000
2.122419 0.408297 0.000000
2.122125 0.461549 0.000000
2.124658 0.510083 0.000000
2.122493 0.559471 0.000000
2.124088 0.603523 0.000000
2.125527 0.642510 0.000000
2.125556 0.685533 0.000000
2.125835 0.725418 0.000000
2.125148 0.761492 0.000000
2.122763 0.795602 0.000000
2.125173 0.826571 0.000000
2.122970 0.858513 0.000000
2.123714 0.889482 0.000000
2.123869 0.916650 0.000000
2.123186 0.944872 0.000000
2.122483 0.970113 0.000000
2.123242 0.996247 0.000000
2.122950 1.020366 0.000000
2.123739 1.042885 0.000000
2.121616 1.067368 0.000000
2.122015 1.088610 0.000000
2.124188 1.110601 0.000000
2.123988 1.130479 0.000000
2.122963 1.153393 0.000000
2.124624 1.171660 0.000000
2.124206 1.191282 0.000000
2.123024 1.211635 0.000000
2.124620 1.229917 0.000000
2.124074 1.249620 0.000000
2.124043 1.269291 0.000000
2.124516 1.287799 0.000000
2.125728 1.305982 0.000000
2.124205 1.322749 0.000000
2.123768 1.340901 0.000000
2.125388 1.359040 0.000000
2.125185 1.376170 0.000000
2.124824 1.393414 0.000000
2.124263 1.410020 0.000000
2.124844 1.428441 0.000000
2.125691 1.446307 0.000000
2.125362 1.463232 0.000000
2.124694 1.478815 0.000000
2.123750 1.496675 0.000000
