x y z
-3.160321 -3.703349 0.000000
-3.186343 -3.741925 0.000000
-3.187595 -3.740973 0.000000
-3.194172 -3.744042 0.000000
-3.232413 -3.733741 0.000000
-3.238596 -3.739084 0.000000
-3.242211 -3.741439 0.000000
-3.249352 -3.744441 0.000000
-3.256651 -3.749885 0.000000
-3.262153 -3.751389 0.000000
-4.013718 -3.446887 0.000000
-5.848960 -2.807806 0.000000
-6.087582 -2.796264 0.000000
-7.046684 -2.556374 0.000000
-7.375375 -2.559648 0.000000
-4.146888 -3.635883 0.000000
-4.135045 -3.664134 0.000000
-4.129992 -3.691360 0.000000
-4.132756 -3.715973 0.000000
-4.141360 -3.739658 0.000000
-4.142801 -3.765642 0.000000
-4.154223 -3.789316 0.000000
-4.160162 -3.838574 0.000000
-4.153613 -3.864823 0.000000
-4.162899 -3.891388 0.000000
-4.183395 -3.916554 0.000000
-4.238876 -3.946003 0.000000
-4.040048 -3.977062 0.000000
-4.008185 -3.995735 0.000000
-3.975183 -4.014452 0.000000
-3.957006 -4.031183 0.000000
-3.947272 -4.051427 0.000000
-3.357494 -3.934073 0.000000
-3.962483 -4.119739 0.000000
-3.968442 -4.145514 0.000000
-4.008889 -4.182392 0.000000
-3.335774 -3.964374 0.000000
-3.327016 -3.966552 0.000000
-3.329602 -3.969648 0.000000
-3.324223 -3.977550 0.000000
-3.322145 -3.983795 0.000000
-3.321063 -3.996279 0.000000
-3.325085 -4.001432 0.000000
-3.323221 -4.011177 0.000000
-3.324825 -4.019317 0.000000
-3.335261 -4.051163 0.000000
-6.683436 -8.446266 0.000000
-6.006568 -7.770470 0.000000
-5.935360 -7.872599 0.000000
-5.897914 -8.031503 0.000000
-4.220928 -6.537291 0.000000
-4.116747 -6.465279 0.000000
-4.030719 -6.424412 0.000000
-3.968592 -6.447892 0.000000
-4.111977 -7.122900 0.000000
-3.984391 -6.978436 0.000000
-3.886120 -6.915091 0.000000
-3.851179 -7.087051 0.000000
-3.790865 -7.185533 0.000000
-3.743320 -7.372325 0.000000
-3.975785 -9.342990 0.000000
-3.844915 -9.382700 0.000000
-3.676307 -9.083490 0.000000
-3.360007 -8.103437 0.000000
-3.152270 -7.898297 0.000000
-3.055913 -7.685381 0.000000
-2.967253 -7.568268 0.000000
-2.877137 -7.595019 0.000000
-2.784349 -7.610924 0.000000
-2.474392 -6.861632 0.000000
-2.486367 -6.476960 0.000000
-2.494296 -5.963089 0.000000
-2.489475 -5.798277 0.000000
-2.490543 -5.640052 0.000000
-2.489374 -5.504905 0.000000
-2.431850 -5.424079 0.000000
-2.431976 -5.324252 0.000000
-2.431830 -5.231180 0.000000
-2.433038 -5.142936 0.000000
-2.433365 -5.070128 0.000000
-2.431913 -5.004243 0.000000
-2.430560 -4.944136 0.000000
-2.431846 -4.882666 0.000000
-2.432090 -4.827335 0.000000
-2.432640 -4.777092 0.000000
-2.432513 -4.732017 0.000000
-2.432951 -4.685232 0.000000
-2.434759 -4.644169 0.000000
-2.433337 -4.606106 0.000000
-2.433864 -4.567217 0.000000
-2.436574 -4.532319 0.000000
-2.434781 -4.501349 0.000000
-2.436670 -4.468343 0.000000
-2.435355 -4.438386 0.000000
-2.438499 -4.408147 0.000000
-2.437951 -4.380063 0.000000
-2.439720 -4.350761 0.000000
-2.439287 -4.327258 0.000000
-2.438170 -4.304159 0.000000
-2.439405 -4.279204 0.000000
-2.439134 -4.257513 0.000000
-2.439419 -4.234395 0.000000
-2.437701 -4.212799 0.000000
-2.438633 -4.191976 0.000000
-2.437339 -4.171859 0.000000
-2.437975 -4.150626 0.000000
-2.436638 -4.133104 0.000000
-2.438446 -4.112288 0.000000
-2.437138 -4.095389 0.000000
-2.438121 -4.076296 0.000000
-2.437358 -4.058510 0.000000
-2.437300 -4.040754 0.000000
-2.437860 -4.021711 0.000000
-2.437380 -4.004926 0.000000
-2.437186 -3.988816 0.000000
-2.437812 -3.970994 0.000000
-2.436941 -3.955289 0.000000
-2.437256 -3.938191 0.000000
-2.437088 -3.922015 0.000000
-2.437201 -3.904595 0.000000
-2.436892 -3.889489 0.000000
-2.435870 -3.872961 0.000000
-2.435999 -3.855848 0.000000
-2.438539 -3.840255 0.000000
-2.437219 -3.823889 0.000000
-2.436740 -3.808404 0.000000
-2.435685 -3.792064 0.000000
-2.435753 -3.775914 0.000000
-2.435514 -3.759268 0.000000
-2.436427 -3.742685 0.000000
-2.434842 -3.726701 0.000000
-2.436414 -3.708287 0.000000
-2.435694 -3.691921 0.000000
-2.437018 -3.676071 0.000000
-2.435336 -3.657456 0.000000
-2.435677 -3.640532 0.000000
-2.434732 -3.622332 0.000000
-2.434443 -3.604236 0.000000
-2.435335 -3.586274 0.000000
-2.433933 -3.567059 0.000000
-2.433506 -3.548490 0.000000
-2.433601 -3.527958 0.000000
-2.434098 -3.508759 0.000000
-2.432898 -3.487748 0.000000
-2.432886 -3.468029 0.000000
-2.431943 -3.444749 0.000000
-2.431505 -3.424389 0.000000
-2.431600 -3.401150 0.000000
-2.430303 -3.375911 0.000000
-2.431456 -3.351527 0.000000
-2.430907 -3.326470 0.000000
-2.429337 -3.301795 0.000000
-2.428451 -3.272630 0.000000
-2.428194 -3.245058 0.000000
-2.427160 -3.214221 0.000000
-2.426868 -3.182284 0.000000
-2.427543 -3.150154 0.000000
-2.426961 -3.115487 0.000000
-2.425072 -3.078352 0.000000
-2.424165 -3.040743 0.000000
-2.424613 -3.000784 0.000000
-2.421997 -2.957942 0.000000
-2.421068 -2.910461 0.000000
-2.419005 -2.861506 0.000000
-2.419409 -2.809198 0.000000
-2.416934 -2.753016 0.000000
-2.416671 -2.692705 0.000000
-3.001958 -3.606794 0.000000
-3.028497 -3.632102 0.000000
-3.045551 -3.658925 0.000000
-3.051668 -3.661930 0.000000
-3.064434 -3.683972 0.000000
-3.073750 -3.704009 0.000000
-3.084585 -3.702987 0.000000
-3.091546 -3.715306 0.000000
-3.111176 -3.719769 0.000000
