x y z
0.719833 -6.817623 0.000000
0.466545 -6.697596 0.000000
0.393977 -6.753657 0.000000
0.312712 -6.800790 0.000000
0.245420 -6.863291 0.000000
0.122674 -7.003589 0.000000
0.039293 -7.042712 0.000000
-0.126245 -6.967310 0.000000
-0.537323 -6.499395 0.000000
-1.137684 -5.874401 0.000000
-1.255989 -5.760737 0.000000
-1.361459 -5.657368 0.000000
-1.455007 -5.567180 0.000000
-1.490944 -5.592099 0.000000
-1.558351 -5.539364 0.000000
-1.626763 -5.473306 0.000000
-1.691449 -5.409080 0.000000
-1.743526 -5.364943 0.000000
