x y z
-3.128268 -3.911079 0.000000
-3.127741 -3.909862 0.000000
-3.130142 -3.912751 0.000000
-3.133973 -3.915189 0.000000
-3.135516 -3.916322 0.000000
-3.149990 -3.923090 0.000000
-3.155001 -3.925967 0.000000
-3.161928 -3.930153 0.000000
-3.164160 -3.929273 0.000000
-3.170526 -3.933430 0.000000
-3.169714 -3.932471 0.000000
-3.209437 -3.921011 0.000000
-3.218061 -3.929584 0.000000
-3.220803 -3.932587 0.000000
-3.225278 -3.934310 0.000000
-3.230038 -3.934453 0.000000
-3.257055 -3.936943 0.000000
-3.263024 -3.940324 0.000000
-3.804073 -3.741331 0.000000
-3.825354 -3.752830 0.000000
-3.848266 -3.765706 0.000000
-3.878966 -3.775016 0.000000
-7.503182 -2.685231 0.000000
-4.622598 -3.624833 0.000000
-4.596342 -3.670463 0.000000
-4.588766 -3.711098 0.000000
-4.594853 -3.747035 0.000000
-4.611030 -3.783371 0.000000
-3.401796 -4.012223 0.000000
-4.763702 -3.837687 0.000000
-4.763192 -3.877494 0.000000
-4.795037 -3.916651 0.000000
-6.944711 -4.012433 0.000000
-6.840962 -4.103177 0.000000
-6.808283 -4.192987 0.000000
-6.762929 -4.281559 0.000000
-6.787629 -4.372543 0.000000
-4.054085 -4.167252 0.000000
-4.023487 -4.186337 0.000000
-4.009467 -4.207394 0.000000
-4.002078 -4.229345 0.000000
-4.000057 -4.251113 0.000000
-3.339889 -4.126704 0.000000
-4.058999 -4.313560 0.000000
-4.008328 -4.325120 0.000000
-4.037666 -4.357781 0.000000
-4.111379 -4.408982 0.000000
-3.309209 -4.154929 0.000000
-3.312058 -4.151623 0.000000
-3.304744 -4.158932 0.000000
-3.303600 -4.161953 0.000000
-3.300632 -4.187006 0.000000
-3.302814 -4.191275 0.000000
-3.303514 -4.199197 0.000000
-3.305692 -4.207049 0.000000
-3.303296 -4.214047 0.000000
-3.306980 -4.227511 0.000000
-6.125430 -7.941484 0.000000
-5.972840 -7.937077 0.000000
-5.951671 -8.111687 0.000000
-5.887641 -8.231008 0.000000
-4.174317 -6.669300 0.000000
-4.068227 -6.588062 0.000000
-4.011023 -6.622861 0.000000
-4.037925 -6.911789 0.000000
-4.065128 -7.238373 0.000000
-3.935873 -7.080535 0.000000
-3.863605 -7.107492 0.000000
-3.834624 -7.331140 0.000000
-3.793877 -7.534172 0.000000
-3.727632 -7.651038 0.000000
-3.943607 -9.561597 0.000000
-3.767140 -9.268064 0.000000
-3.212307 -8.091333 0.000000
-3.116116 -8.096146 0.000000
-3.021326 -7.762902 0.000000
-2.930951 -7.783963 0.000000
-2.840152 -7.777806 0.000000
-2.566210 -7.775029 0.000000
-2.478329 -7.744988 0.000000
-2.496679 -6.765442 0.000000
-2.492219 -6.045024 0.000000
-2.490139 -5.877635 0.000000
-2.485986 -5.743473 0.000000
-2.460918 -5.683158 0.000000
-2.430242 -5.645246 0.000000
-2.427378 -5.545494 0.000000
-2.426924 -5.447033 0.000000
-2.423504 -5.366500 0.000000
-2.425332 -5.283632 0.000000
-2.424746 -5.216356 0.000000
-2.421767 -5.153673 0.000000
-2.421188 -5.093484 0.000000
-2.420277 -5.038962 0.000000
-2.422135 -4.983274 0.000000
-2.420464 -4.935796 0.000000
-2.420934 -4.890586 0.000000
-2.420192 -4.849626 0.000000
-2.421351 -4.807109 0.000000
-2.420553 -4.771651 0.000000
-2.418710 -4.736783 0.000000
-2.419446 -4.701081 0.000000
-2.421119 -4.669060 0.000000
-2.420293 -4.639447 0.000000
-2.420455 -4.608965 0.000000
-2.422313 -4.578423 0.000000
-2.423663 -4.552798 0.000000
-2.423151 -4.526418 0.000000
-2.421983 -4.501176 0.000000
-2.421707 -4.478531 0.000000
-2.421225 -4.455175 0.000000
-2.420630 -4.433078 0.000000
-2.419329 -4.410785 0.000000
-2.420298 -4.391128 0.000000
-2.418603 -4.369203 0.000000
-2.418958 -4.348592 0.000000
-2.420007 -4.329033 0.000000
-2.419537 -4.309272 0.000000
-2.417851 -4.292021 0.000000
-2.419003 -4.273375 0.000000
-2.417094 -4.254478 0.000000
-2.416681 -4.237150 0.000000
-2.417052 -4.220225 0.000000
-2.415496 -4.202257 0.000000
-2.416328 -4.184873 0.000000
-2.417611 -4.168955 0.000000
-2.415872 -4.151115 0.000000
-2.415225 -4.135809 0.000000
-2.415044 -4.117351 0.000000
-2.415804 -4.100949 0.000000
-2.415269 -4.085487 0.000000
-2.415339 -4.070021 0.000000
-2.414712 -4.052407 0.000000
-2.414291 -4.037353 0.000000
-2.415250 -4.020476 0.000000
-2.413885 -4.003509 0.000000
-2.412119 -3.987513 0.000000
-2.412620 -3.970112 0.000000
-2.412395 -3.954053 0.000000
-2.413543 -3.938092 0.000000
-2.412086 -3.920300 0.000000
-2.411782 -3.905381 0.000000
-2.411804 -3.888076 0.000000
-2.411815 -3.869408 0.000000
-2.410421 -3.853879 0.000000
-2.411381 -3.834993 0.000000
-2.409650 -3.817841 0.000000
-2.408805 -3.799215 0.000000
-2.409169 -3.780686 0.000000
-2.408578 -3.762305 0.000000
-2.406182 -3.742769 0.000000
-2.406973 -3.724416 0.000000
-2.406905 -3.704140 0.000000
-2.406731 -3.682847 0.000000
-2.405082 -3.662598 0.000000
-2.402917 -3.640982 0.000000
-2.403876 -3.619318 0.000000
-2.403655 -3.597085 0.000000
-2.403332 -3.572193 0.000000
-2.400739 -3.547907 0.000000
-2.399792 -3.522494 0.000000
-2.399224 -3.496122 0.000000
-2.399954 -3.468529 0.000000
-2.397614 -3.438798 0.000000
-2.398398 -3.407462 0.000000
-2.398369 -3.377479 0.000000
-2.397049 -3.345594 0.000000
-2.392736 -3.308237 0.000000
-2.392945 -3.272526 0.000000
-2.390878 -3.232258 0.000000
-2.389910 -3.192803 0.000000
-2.389794 -3.151139 0.000000
-2.387208 -3.103620 0.000000
-2.385049 -3.054073 0.000000
-2.952286 -3.797373 0.000000
-2.963942 -3.808637 0.000000
-3.009696 -3.868158 0.000000
-3.017893 -3.875720 0.000000
-3.034131 -3.901194 0.000000
-3.041201 -3.910273 0.000000
-3.049187 -3.911539 0.000000
-3.054132 -3.863220 0.000000
-3.060757 -3.867636 0.000000
-3.065670 -3.873230 0.000000
-3.070233 -3.877959 0.000000
-3.075043 -3.888540 0.000000
-3.079245 -3.898508 0.000000
-3.082717 -3.902090 0.000000
-3.085989 -3.904007 0.000000
-3.089207 -3.905502 0.000000
-3.092307 -3.907323 0.000000
